Type:          average
Points:        1350
Count:         16
XInc:          3.7037037E-011
XOrg:          2.4050000000E-008
YData range:   1.60798E+002
YData center:  9.99998E-002
Coupling:      50 Ohms
XRange:        5.00000E-008
XOffset:       2.4050000000E-008
YRange:        1.60000E+002
YOffset:       1.00000E-001
Date:          14 JUN 2023
Time:          13:37:56:15
Frame:         86100D:MY50260121
X Units:       second
Y Units:       Volt
XY Data:
2.4050000E-008, 2.90E-002
2.4087037E-008, 3.16E-002
2.4124074E-008, 3.41E-002
2.4161111E-008, 4.93E-002
2.4198148E-008, 3.66E-002
2.4235185E-008, 6.96E-002
2.4272222E-008, 2.40E-002
2.4309259E-008, 6.96E-002
2.4346296E-008, 6.71E-002
2.4383333E-008, 6.20E-002
2.4420370E-008, -9.0E-003
2.4457407E-008, 4.43E-002
2.4494444E-008, 3.41E-002
2.4531481E-008, 4.68E-002
2.4568519E-008, 4.43E-002
2.4605556E-008, 3.92E-002
2.4642593E-008, 4.93E-002
2.4679630E-008, 5.95E-002
2.4716667E-008, 3.41E-002
2.4753704E-008, 7.72E-002
2.4790741E-008, 8.23E-002
2.4827778E-008, 8.23E-002
2.4864815E-008, 2.90E-002
2.4901852E-008, 3.92E-002
2.4938889E-008, 4.68E-002
2.4975926E-008, 3.66E-002
2.5012963E-008, 1.38E-002
2.5050000E-008, 5.95E-002
2.5087037E-008, 5.69E-002
2.5124074E-008, 5.44E-002
2.5161111E-008, 4.17E-002
2.5198148E-008, 3.92E-002
2.5235185E-008, 2.65E-002
2.5272222E-008, 3.92E-002
2.5309259E-008, 4.17E-002
2.5346296E-008, 5.95E-002
2.5383333E-008, 4.43E-002
2.5420370E-008, 1.000E-001
2.5457407E-008, 2.65E-002
2.5494444E-008, 6.96E-002
2.5531481E-008, 5.44E-002
2.5568519E-008, 1.38E-002
2.5605556E-008, 7.97E-002
2.5642593E-008, 6.20E-002
2.5679630E-008, 4.17E-002
2.5716667E-008, 2.14E-002
2.5753704E-008, 5.95E-002
2.5790741E-008, 2.14E-002
2.5827778E-008, 3.16E-002
2.5864815E-008, 4.93E-002
2.5901852E-008, 7.72E-002
2.5938889E-008, 6.45E-002
2.5975926E-008, 2.90E-002
2.6012963E-008, 4.68E-002
2.6050000E-008, 8.23E-002
2.6087037E-008, 1.13E-002
2.6124074E-008, -3.9E-003
2.6161111E-008, 6.96E-002
2.6198148E-008, 6.20E-002
2.6235185E-008, 4.17E-002
2.6272222E-008, 3.41E-002
2.6309259E-008, 3.92E-002
2.6346296E-008, 1.89E-002
2.6383333E-008, 4.43E-002
2.6420370E-008, 4.17E-002
2.6457407E-008, 5.19E-002
2.6494444E-008, 3.66E-002
2.6531481E-008, 6.45E-002
2.6568519E-008, 6.45E-002
2.6605556E-008, 6.71E-002
2.6642593E-008, 8.8E-003
2.6679630E-008, 3.16E-002
2.6716667E-008, 5.95E-002
2.6753704E-008, 9.24E-002
2.6790741E-008, 2.65E-002
2.6827778E-008, 5.69E-002
2.6864815E-008, 4.68E-002
2.6901852E-008, 4.43E-002
2.6938889E-008, 7.21E-002
2.6975926E-008, 4.93E-002
2.7012963E-008, 4.68E-002
2.7050000E-008, 3.92E-002
2.7087037E-008, 4.68E-002
2.7124074E-008, 1.2E-003
2.7161111E-008, 8.99E-002
2.7198148E-008, 4.43E-002
2.7235185E-008, 2.65E-002
2.7272222E-008, 5.44E-002
2.7309259E-008, 1.2E-003
2.7346296E-008, 7.72E-002
2.7383333E-008, 2.65E-002
2.7420370E-008, 7.97E-002
2.7457407E-008, 5.95E-002
2.7494444E-008, 7.72E-002
2.7531481E-008, 5.44E-002
2.7568519E-008, 2.65E-002
2.7605556E-008, 2.14E-002
2.7642593E-008, 7.21E-002
2.7679630E-008, 6.96E-002
2.7716667E-008, -1.15E-002
2.7753704E-008, 3.41E-002
2.7790741E-008, 4.17E-002
2.7827778E-008, 6.71E-002
2.7864815E-008, 4.17E-002
2.7901852E-008, 5.19E-002
2.7938889E-008, 7.72E-002
2.7975926E-008, 7.97E-002
2.8012963E-008, 2.65E-002
2.8050000E-008, 1.64E-002
2.8087037E-008, 3.66E-002
2.8124074E-008, 6.71E-002
2.8161111E-008, 2.90E-002
2.8198148E-008, 8.23E-002
2.8235185E-008, 3.66E-002
2.8272222E-008, 4.68E-002
2.8309259E-008, 3.41E-002
2.8346296E-008, 3.41E-002
2.8383333E-008, 4.93E-002
2.8420370E-008, 2.90E-002
2.8457407E-008, -1.91E-002
2.8494444E-008, 8.99E-002
2.8531481E-008, 5.19E-002
2.8568519E-008, 3.92E-002
2.8605556E-008, 1.38E-002
2.8642593E-008, 3.92E-002
2.8679630E-008, 2.40E-002
2.8716667E-008, 6.20E-002
2.8753704E-008, 4.93E-002
2.8790741E-008, 3.92E-002
2.8827778E-008, 4.68E-002
2.8864815E-008, 4.93E-002
2.8901852E-008, 5.69E-002
2.8938889E-008, 1.000E-001
2.8975926E-008, 2.90E-002
2.9012963E-008, 5.44E-002
2.9050000E-008, 6.71E-002
2.9087037E-008, 7.21E-002
2.9124074E-008, 6.45E-002
2.9161111E-008, 1.051E-001
2.9198148E-008, 6.45E-002
2.9235185E-008, 7.47E-002
2.9272222E-008, 4.17E-002
2.9309259E-008, 2.14E-002
2.9346296E-008, 4.17E-002
2.9383333E-008, 3.66E-002
2.9420370E-008, 4.17E-002
2.9457407E-008, 7.21E-002
2.9494444E-008, 2.65E-002
2.9531481E-008, 1.64E-002
2.9568519E-008, 3.66E-002
2.9605556E-008, 6.45E-002
2.9642593E-008, 3.16E-002
2.9679630E-008, 3.41E-002
2.9716667E-008, 5.95E-002
2.9753704E-008, 4.17E-002
2.9790741E-008, 4.43E-002
2.9827778E-008, 7.47E-002
2.9864815E-008, 2.65E-002
2.9901852E-008, -1.91E-002
2.9938889E-008, 4.17E-002
2.9975926E-008, 4.17E-002
3.0012963E-008, 6.96E-002
3.0050000E-008, 6.45E-002
3.0087037E-008, 7.72E-002
3.0124074E-008, 6.45E-002
3.0161111E-008, 6.20E-002
3.0198148E-008, 6.45E-002
3.0235185E-008, 4.43E-002
3.0272222E-008, 5.95E-002
3.0309259E-008, 5.95E-002
3.0346296E-008, 3.7E-003
3.0383333E-008, 2.90E-002
3.0420370E-008, 3.16E-002
3.0457407E-008, 3.41E-002
3.0494444E-008, 1.89E-002
3.0531481E-008, 3.66E-002
3.0568519E-008, 5.19E-002
3.0605556E-008, 4.68E-002
3.0642593E-008, 4.68E-002
3.0679630E-008, 1.38E-002
3.0716667E-008, 8.23E-002
3.0753704E-008, 4.68E-002
3.0790741E-008, 3.66E-002
3.0827778E-008, 8.23E-002
3.0864815E-008, 4.43E-002
3.0901852E-008, -1.15E-002
3.0938889E-008, 2.40E-002
3.0975926E-008, 2.14E-002
3.1012963E-008, 4.43E-002
3.1050000E-008, 5.19E-002
3.1087037E-008, 3.66E-002
3.1124074E-008, 1.89E-002
3.1161111E-008, 5.95E-002
3.1198148E-008, 3.66E-002
3.1235185E-008, 1.64E-002
3.1272222E-008, 7.72E-002
3.1309259E-008, 5.95E-002
3.1346296E-008, 3.41E-002
3.1383333E-008, 4.43E-002
3.1420370E-008, 3.92E-002
3.1457407E-008, 4.93E-002
3.1494444E-008, 1.89E-002
3.1531481E-008, 6.2E-003
3.1568519E-008, 6.20E-002
3.1605556E-008, 3.92E-002
3.1642593E-008, 5.44E-002
3.1679630E-008, 3.66E-002
3.1716667E-008, 5.69E-002
3.1753704E-008, 6.71E-002
3.1790741E-008, 4.17E-002
3.1827778E-008, 4.68E-002
3.1864815E-008, 4.93E-002
3.1901852E-008, 4.68E-002
3.1938889E-008, 5.44E-002
3.1975926E-008, 4.43E-002
3.2012963E-008, 2.14E-002
3.2050000E-008, 3.41E-002
3.2087037E-008, 5.69E-002
3.2124074E-008, 5.69E-002
3.2161111E-008, 7.47E-002
3.2198148E-008, 4.68E-002
3.2235185E-008, 6.45E-002
3.2272222E-008, 3.16E-002
3.2309259E-008, 5.69E-002
3.2346296E-008, 2.14E-002
3.2383333E-008, 4.93E-002
3.2420370E-008, 5.19E-002
3.2457407E-008, 1.64E-002
3.2494444E-008, 6.20E-002
3.2531481E-008, 2.90E-002
3.2568519E-008, 3.66E-002
3.2605556E-008, 4.93E-002
3.2642593E-008, 8.23E-002
3.2679630E-008, 1.64E-002
3.2716667E-008, 1.89E-002
3.2753704E-008, 4.68E-002
3.2790741E-008, 3.66E-002
3.2827778E-008, 3.41E-002
3.2864815E-008, 2.14E-002
3.2901852E-008, 4.43E-002
3.2938889E-008, 4.93E-002
3.2975926E-008, 3.66E-002
3.3012963E-008, 2.65E-002
3.3050000E-008, 7.47E-002
3.3087037E-008, 4.43E-002
3.3124074E-008, 4.43E-002
3.3161111E-008, 7.97E-002
3.3198148E-008, 4.17E-002
3.3235185E-008, 4.43E-002
3.3272222E-008, 1.38E-002
3.3309259E-008, 4.17E-002
3.3346296E-008, 4.17E-002
3.3383333E-008, 3.16E-002
3.3420370E-008, 9.49E-002
3.3457407E-008, 4.17E-002
3.3494444E-008, 7.47E-002
3.3531481E-008, 6.20E-002
3.3568519E-008, 4.43E-002
3.3605556E-008, 4.93E-002
3.3642593E-008, 6.20E-002
3.3679630E-008, 5.19E-002
3.3716667E-008, 5.44E-002
3.3753704E-008, 6.20E-002
3.3790741E-008, 5.69E-002
3.3827778E-008, 6.45E-002
3.3864815E-008, 1.025E-001
3.3901852E-008, 8.8E-003
3.3938889E-008, 5.44E-002
3.3975926E-008, 4.93E-002
3.4012963E-008, 2.14E-002
3.4050000E-008, 9.49E-002
3.4087037E-008, 5.44E-002
3.4124074E-008, 8.99E-002
3.4161111E-008, 9.75E-002
3.4198148E-008, 9.24E-002
3.4235185E-008, 7.97E-002
3.4272222E-008, 5.95E-002
3.4309259E-008, 5.95E-002
3.4346296E-008, 4.17E-002
3.4383333E-008, 8.99E-002
3.4420370E-008, 7.97E-002
3.4457407E-008, 7.47E-002
3.4494444E-008, 6.96E-002
3.4531481E-008, 4.68E-002
3.4568519E-008, 6.96E-002
3.4605556E-008, 7.72E-002
3.4642593E-008, 7.21E-002
3.4679630E-008, 7.47E-002
3.4716667E-008, 7.72E-002
3.4753704E-008, 9.24E-002
3.4790741E-008, 6.20E-002
3.4827778E-008, 6.96E-002
3.4864815E-008, 7.97E-002
3.4901852E-008, 7.21E-002
3.4938889E-008, 7.21E-002
3.4975926E-008, 9.75E-002
3.5012963E-008, 9.24E-002
3.5050000E-008, 3.92E-002
3.5087037E-008, 8.48E-002
3.5124074E-008, 8.73E-002
3.5161111E-008, 1.127E-001
3.5198148E-008, 6.20E-002
3.5235185E-008, 8.73E-002
3.5272222E-008, 6.45E-002
3.5309259E-008, 5.44E-002
3.5346296E-008, 8.48E-002
3.5383333E-008, 6.71E-002
3.5420370E-008, 1.025E-001
3.5457407E-008, 8.48E-002
3.5494444E-008, 6.20E-002
3.5531481E-008, 5.44E-002
3.5568519E-008, 1.076E-001
3.5605556E-008, 9.75E-002
3.5642593E-008, 6.20E-002
3.5679630E-008, 4.43E-002
3.5716667E-008, 9.75E-002
3.5753704E-008, 3.92E-002
3.5790741E-008, 4.93E-002
3.5827778E-008, 6.45E-002
3.5864815E-008, 5.44E-002
3.5901852E-008, 4.43E-002
3.5938889E-008, 7.21E-002
3.5975926E-008, 6.45E-002
3.6012963E-008, 1.89E-002
3.6050000E-008, -6.4E-003
3.6087037E-008, -1.4E-003
3.6124074E-008, -1.66E-002
3.6161111E-008, -4.44E-002
3.6198148E-008, -8.75E-002
3.6235185E-008, -1.559E-001
3.6272222E-008, -1.914E-001
3.6309259E-008, -2.776E-001
3.6346296E-008, -3.764E-001
3.6383333E-008, -4.473E-001
3.6420370E-008, -5.512E-001
3.6457407E-008, -6.931E-001
3.6494444E-008, -7.970E-001
3.6531481E-008, -9.491E-001
3.6568519E-008, -1.0428E+000
3.6605556E-008, -1.1949E+000
3.6642593E-008, -1.3216E+000
3.6679630E-008, -1.4407E+000
3.6716667E-008, -1.5319E+000
3.6753704E-008, -1.6611E+000
3.6790741E-008, -1.6966E+000
3.6827778E-008, -1.8487E+000
3.6864815E-008, -1.9601E+000
3.6901852E-008, -2.1046E+000
3.6938889E-008, -2.2034E+000
3.6975926E-008, -2.2744E+000
3.7012963E-008, -2.4264E+000
3.7050000E-008, -2.5506E+000
3.7087037E-008, -2.6215E+000
3.7124074E-008, -2.7862E+000
3.7161111E-008, -2.9738E+000
3.7198148E-008, -3.0827E+000
3.7235185E-008, -3.2322E+000
3.7272222E-008, -3.3919E+000
3.7309259E-008, -3.5008E+000
3.7346296E-008, -3.7035E+000
3.7383333E-008, -3.8150E+000
3.7420370E-008, -3.9924E+000
3.7457407E-008, -4.1470E+000
3.7494444E-008, -4.3142E+000
3.7531481E-008, -4.4764E+000
3.7568519E-008, -4.6057E+000
3.7605556E-008, -4.7805E+000
3.7642593E-008, -4.8971E+000
3.7679630E-008, -5.0314E+000
3.7716667E-008, -5.2011E+000
3.7753704E-008, -5.3025E+000
3.7790741E-008, -5.4368E+000
3.7827778E-008, -5.5306E+000
3.7864815E-008, -5.5863E+000
3.7901852E-008, -5.6902E+000
3.7938889E-008, -5.7003E+000
3.7975926E-008, -5.7130E+000
3.8012963E-008, -5.6573E+000
3.8050000E-008, -5.6091E+000
3.8087037E-008, -5.5027E+000
3.8124074E-008, -5.3709E+000
3.8161111E-008, -5.2822E+000
3.8198148E-008, -5.1023E+000
3.8235185E-008, -4.8971E+000
3.8272222E-008, -4.7374E+000
3.8309259E-008, -4.5119E+000
3.8346296E-008, -4.3852E+000
3.8383333E-008, -4.1875E+000
3.8420370E-008, -4.0735E+000
3.8457407E-008, -3.8784E+000
3.8494444E-008, -3.7948E+000
3.8531481E-008, -3.6655E+000
3.8568519E-008, -3.5971E+000
3.8605556E-008, -3.4958E+000
3.8642593E-008, -3.4932E+000
3.8679630E-008, -3.4273E+000
3.8716667E-008, -3.4375E+000
3.8753704E-008, -3.4172E+000
3.8790741E-008, -3.3893E+000
3.8827778E-008, -3.4425E+000
3.8864815E-008, -3.4324E+000
3.8901852E-008, -3.5008E+000
3.8938889E-008, -3.5566E+000
3.8975926E-008, -3.5388E+000
3.9012963E-008, -3.6402E+000
3.9050000E-008, -3.6529E+000
3.9087037E-008, -3.7390E+000
3.9124074E-008, -3.7745E+000
3.9161111E-008, -3.8455E+000
3.9198148E-008, -3.9392E+000
3.9235185E-008, -3.9924E+000
3.9272222E-008, -4.0608E+000
3.9309259E-008, -4.0811E+000
3.9346296E-008, -4.1343E+000
3.9383333E-008, -4.1597E+000
3.9420370E-008, -4.1723E+000
3.9457407E-008, -4.2357E+000
3.9494444E-008, -4.2180E+000
3.9531481E-008, -4.2357E+000
3.9568519E-008, -4.2408E+000
3.9605556E-008, -4.2737E+000
3.9642593E-008, -4.2534E+000
3.9679630E-008, -4.2281E+000
3.9716667E-008, -4.2560E+000
3.9753704E-008, -4.2230E+000
3.9790741E-008, -4.2053E+000
3.9827778E-008, -4.1850E+000
3.9864815E-008, -4.1698E+000
3.9901852E-008, -4.1850E+000
3.9938889E-008, -4.1647E+000
3.9975926E-008, -4.1343E+000
4.0012963E-008, -4.1470E+000
4.0050000E-008, -4.1622E+000
4.0087037E-008, -4.1394E+000
4.0124074E-008, -4.1622E+000
4.0161111E-008, -4.1445E+000
4.0198148E-008, -4.1166E+000
4.0235185E-008, -4.1419E+000
4.0272222E-008, -4.1419E+000
4.0309259E-008, -4.1419E+000
4.0346296E-008, -4.1723E+000
4.0383333E-008, -4.1622E+000
4.0420370E-008, -4.1850E+000
4.0457407E-008, -4.2256E+000
4.0494444E-008, -4.1825E+000
4.0531481E-008, -4.1774E+000
4.0568519E-008, -4.2180E+000
4.0605556E-008, -4.2306E+000
4.0642593E-008, -4.2484E+000
4.0679630E-008, -4.2661E+000
4.0716667E-008, -4.2889E+000
4.0753704E-008, -4.3066E+000
4.0790741E-008, -4.3016E+000
4.0827778E-008, -4.2940E+000
4.0864815E-008, -4.3497E+000
4.0901852E-008, -4.3294E+000
4.0938889E-008, -4.3142E+000
4.0975926E-008, -4.3142E+000
4.1012963E-008, -4.3396E+000
4.1050000E-008, -4.3523E+000
4.1087037E-008, -4.3396E+000
4.1124074E-008, -4.3497E+000
4.1161111E-008, -4.3649E+000
4.1198148E-008, -4.3345E+000
4.1235185E-008, -4.3472E+000
4.1272222E-008, -4.3294E+000
4.1309259E-008, -4.3320E+000
4.1346296E-008, -4.3852E+000
4.1383333E-008, -4.3751E+000
4.1420370E-008, -4.3928E+000
4.1457407E-008, -4.3649E+000
4.1494444E-008, -4.4080E+000
4.1531481E-008, -4.3751E+000
4.1568519E-008, -4.3801E+000
4.1605556E-008, -4.4004E+000
4.1642593E-008, -4.4333E+000
4.1679630E-008, -4.3725E+000
4.1716667E-008, -4.3979E+000
4.1753704E-008, -4.3852E+000
4.1790741E-008, -4.4460E+000
4.1827778E-008, -4.3979E+000
4.1864815E-008, -4.4435E+000
4.1901852E-008, -4.3852E+000
4.1938889E-008, -4.4156E+000
4.1975926E-008, -4.4587E+000
4.2012963E-008, -4.4942E+000
4.2050000E-008, -4.4333E+000
4.2087037E-008, -4.4308E+000
4.2124074E-008, -4.4207E+000
4.2161111E-008, -4.4257E+000
4.2198148E-008, -4.4714E+000
4.2235185E-008, -4.4511E+000
4.2272222E-008, -4.4511E+000
4.2309259E-008, -4.4511E+000
4.2346296E-008, -4.4764E+000
4.2383333E-008, -4.4181E+000
4.2420370E-008, -4.4790E+000
4.2457407E-008, -4.4435E+000
4.2494444E-008, -4.4992E+000
4.2531481E-008, -4.5068E+000
4.2568519E-008, -4.4916E+000
4.2605556E-008, -4.4460E+000
4.2642593E-008, -4.5018E+000
4.2679630E-008, -4.4840E+000
4.2716667E-008, -4.4916E+000
4.2753704E-008, -4.5474E+000
4.2790741E-008, -4.5043E+000
4.2827778E-008, -4.5170E+000
4.2864815E-008, -4.4967E+000
4.2901852E-008, -4.5119E+000
4.2938889E-008, -4.5144E+000
4.2975926E-008, -4.4891E+000
4.3012963E-008, -4.5448E+000
4.3050000E-008, -4.5094E+000
4.3087037E-008, -4.5018E+000
4.3124074E-008, -4.5195E+000
4.3161111E-008, -4.4866E+000
4.3198148E-008, -4.4942E+000
4.3235185E-008, -4.4587E+000
4.3272222E-008, -4.4561E+000
4.3309259E-008, -4.4333E+000
4.3346296E-008, -4.4283E+000
4.3383333E-008, -4.4561E+000
4.3420370E-008, -4.4511E+000
4.3457407E-008, -4.4131E+000
4.3494444E-008, -4.3776E+000
4.3531481E-008, -4.4207E+000
4.3568519E-008, -4.3269E+000
4.3605556E-008, -4.3066E+000
4.3642593E-008, -4.3320E+000
4.3679630E-008, -4.2636E+000
4.3716667E-008, -4.2154E+000
4.3753704E-008, -4.2382E+000
4.3790741E-008, -4.1799E+000
4.3827778E-008, -4.1470E+000
4.3864815E-008, -4.0989E+000
4.3901852E-008, -4.0786E+000
4.3938889E-008, -4.0431E+000
4.3975926E-008, -4.0102E+000
4.4012963E-008, -3.9367E+000
4.4050000E-008, -3.9063E+000
4.4087037E-008, -3.8074E+000
4.4124074E-008, -3.7998E+000
4.4161111E-008, -3.7213E+000
4.4198148E-008, -3.6275E+000
4.4235185E-008, -3.5921E+000
4.4272222E-008, -3.5287E+000
4.4309259E-008, -3.3969E+000
4.4346296E-008, -3.3412E+000
4.4383333E-008, -3.2424E+000
4.4420370E-008, -3.1334E+000
4.4457407E-008, -3.0320E+000
4.4494444E-008, -2.9307E+000
4.4531481E-008, -2.8420E+000
4.4568519E-008, -2.6899E+000
4.4605556E-008, -2.5835E+000
4.4642593E-008, -2.5202E+000
4.4679630E-008, -2.3985E+000
4.4716667E-008, -2.3048E+000
4.4753704E-008, -2.1907E+000
4.4790741E-008, -2.0894E+000
4.4827778E-008, -2.0488E+000
4.4864815E-008, -1.9855E+000
4.4901852E-008, -1.9449E+000
4.4938889E-008, -1.8030E+000
4.4975926E-008, -1.7980E+000
4.5012963E-008, -1.7473E+000
4.5050000E-008, -1.6713E+000
4.5087037E-008, -1.6231E+000
4.5124074E-008, -1.6130E+000
4.5161111E-008, -1.5851E+000
4.5198148E-008, -1.5370E+000
4.5235185E-008, -1.4990E+000
4.5272222E-008, -1.4939E+000
4.5309259E-008, -1.4432E+000
4.5346296E-008, -1.4432E+000
4.5383333E-008, -1.3317E+000
4.5420370E-008, -1.3520E+000
4.5457407E-008, -1.2810E+000
4.5494444E-008, -1.2608E+000
4.5531481E-008, -1.2101E+000
4.5568519E-008, -1.1797E+000
4.5605556E-008, -1.1290E+000
4.5642593E-008, -1.0530E+000
4.5679630E-008, -1.0048E+000
4.5716667E-008, -9.972E-001
4.5753704E-008, -9.364E-001
4.5790741E-008, -8.781E-001
4.5827778E-008, -8.350E-001
4.5864815E-008, -7.717E-001
4.5901852E-008, -7.083E-001
4.5938889E-008, -6.323E-001
4.5975926E-008, -6.247E-001
4.6012963E-008, -5.538E-001
4.6050000E-008, -4.727E-001
4.6087037E-008, -4.372E-001
4.6124074E-008, -3.865E-001
4.6161111E-008, -3.561E-001
4.6198148E-008, -2.852E-001
4.6235185E-008, -2.522E-001
4.6272222E-008, -2.142E-001
4.6309259E-008, -1.078E-001
4.6346296E-008, -7.74E-002
4.6383333E-008, -5.46E-002
4.6420370E-008, -3.18E-002
4.6457407E-008, 3.16E-002
4.6494444E-008, 6.71E-002
4.6531481E-008, 7.72E-002
4.6568519E-008, 1.405E-001
4.6605556E-008, 1.279E-001
4.6642593E-008, 1.684E-001
4.6679630E-008, 1.912E-001
4.6716667E-008, 2.419E-001
4.6753704E-008, 2.520E-001
4.6790741E-008, 3.331E-001
4.6827778E-008, 3.357E-001
4.6864815E-008, 3.534E-001
4.6901852E-008, 3.939E-001
4.6938889E-008, 3.965E-001
4.6975926E-008, 4.218E-001
4.7012963E-008, 4.345E-001
4.7050000E-008, 4.548E-001
4.7087037E-008, 4.750E-001
4.7124074E-008, 5.181E-001
4.7161111E-008, 5.384E-001
4.7198148E-008, 5.080E-001
4.7235185E-008, 5.789E-001
4.7272222E-008, 6.093E-001
4.7309259E-008, 5.587E-001
4.7346296E-008, 6.321E-001
4.7383333E-008, 6.271E-001
4.7420370E-008, 6.347E-001
4.7457407E-008, 6.549E-001
4.7494444E-008, 6.702E-001
4.7531481E-008, 7.284E-001
4.7568519E-008, 7.335E-001
4.7605556E-008, 7.512E-001
4.7642593E-008, 7.563E-001
4.7679630E-008, 8.095E-001
4.7716667E-008, 8.019E-001
4.7753704E-008, 7.842E-001
4.7790741E-008, 8.121E-001
4.7827778E-008, 8.323E-001
4.7864815E-008, 8.602E-001
4.7901852E-008, 8.475E-001
4.7938889E-008, 8.374E-001
4.7975926E-008, 8.450E-001
4.8012963E-008, 8.855E-001
4.8050000E-008, 8.678E-001
4.8087037E-008, 8.906E-001
4.8124074E-008, 8.703E-001
4.8161111E-008, 9.109E-001
4.8198148E-008, 8.931E-001
4.8235185E-008, 9.109E-001
4.8272222E-008, 8.779E-001
4.8309259E-008, 8.703E-001
4.8346296E-008, 9.109E-001
4.8383333E-008, 9.413E-001
4.8420370E-008, 9.109E-001
4.8457407E-008, 8.855E-001
4.8494444E-008, 8.450E-001
4.8531481E-008, 8.805E-001
4.8568519E-008, 8.399E-001
4.8605556E-008, 8.779E-001
4.8642593E-008, 8.602E-001
4.8679630E-008, 8.577E-001
4.8716667E-008, 8.349E-001
4.8753704E-008, 8.399E-001
4.8790741E-008, 8.450E-001
4.8827778E-008, 7.943E-001
4.8864815E-008, 8.146E-001
4.8901852E-008, 7.918E-001
4.8938889E-008, 8.121E-001
4.8975926E-008, 8.070E-001
4.9012963E-008, 7.969E-001
4.9050000E-008, 7.512E-001
4.9087037E-008, 7.259E-001
4.9124074E-008, 7.740E-001
4.9161111E-008, 7.107E-001
4.9198148E-008, 7.842E-001
4.9235185E-008, 7.538E-001
4.9272222E-008, 7.335E-001
4.9309259E-008, 7.360E-001
4.9346296E-008, 7.411E-001
4.9383333E-008, 7.411E-001
4.9420370E-008, 7.740E-001
4.9457407E-008, 7.107E-001
4.9494444E-008, 7.107E-001
4.9531481E-008, 7.234E-001
4.9568519E-008, 7.360E-001
4.9605556E-008, 7.791E-001
4.9642593E-008, 7.867E-001
4.9679630E-008, 7.690E-001
4.9716667E-008, 7.842E-001
4.9753704E-008, 7.715E-001
4.9790741E-008, 8.374E-001
4.9827778E-008, 8.222E-001
4.9864815E-008, 8.627E-001
4.9901852E-008, 8.450E-001
4.9938889E-008, 8.653E-001
4.9975926E-008, 9.388E-001
5.0012963E-008, 9.793E-001
5.0050000E-008, 9.438E-001
5.0087037E-008, 1.0249E+000
5.0124074E-008, 1.0249E+000
5.0161111E-008, 1.0350E+000
5.0198148E-008, 1.0857E+000
5.0235185E-008, 1.0807E+000
5.0272222E-008, 1.1085E+000
5.0309259E-008, 1.1060E+000
5.0346296E-008, 1.1846E+000
5.0383333E-008, 1.2403E+000
5.0420370E-008, 1.2580E+000
5.0457407E-008, 1.3189E+000
5.0494444E-008, 1.3189E+000
5.0531481E-008, 1.3771E+000
5.0568519E-008, 1.3518E+000
5.0605556E-008, 1.3746E+000
5.0642593E-008, 1.4354E+000
5.0679630E-008, 1.4709E+000
5.0716667E-008, 1.4912E+000
5.0753704E-008, 1.5064E+000
5.0790741E-008, 1.5140E+000
5.0827778E-008, 1.5748E+000
5.0864815E-008, 1.5875E+000
5.0901852E-008, 1.6204E+000
5.0938889E-008, 1.6280E+000
5.0975926E-008, 1.6533E+000
5.1012963E-008, 1.6432E+000
5.1050000E-008, 1.7268E+000
5.1087037E-008, 1.7344E+000
5.1124074E-008, 1.7699E+000
5.1161111E-008, 1.7800E+000
5.1198148E-008, 1.7496E+000
5.1235185E-008, 1.7851E+000
5.1272222E-008, 1.8003E+000
5.1309259E-008, 1.8155E+000
5.1346296E-008, 1.8763E+000
5.1383333E-008, 1.8155E+000
5.1420370E-008, 1.8839E+000
5.1457407E-008, 1.8915E+000
5.1494444E-008, 1.9346E+000
5.1531481E-008, 1.9828E+000
5.1568519E-008, 2.0512E+000
5.1605556E-008, 2.1576E+000
5.1642593E-008, 2.5098E+000
5.1679630E-008, 2.9812E+000
5.1716667E-008, 3.7642E+000
5.1753704E-008, 4.9501E+000
5.1790741E-008, 6.5212E+000
5.1827778E-008, 8.5332E+000
5.1864815E-008, 1.11077E+001
5.1901852E-008, 1.42829E+001
5.1938889E-008, 1.92140E+001
5.1975926E-008, 2.74420E+001
5.2012963E-008, 3.63414E+001
5.2050000E-008, 4.28437E+001
5.2087037E-008, 4.60010E+001
5.2124074E-008, 4.67207E+001
5.2161111E-008, 4.54208E+001
5.2198148E-008, 4.14702E+001
5.2235185E-008, 3.45676E+001
5.2272222E-008, 2.76700E+001
5.2309259E-008, 2.16112E+001
5.2346296E-008, 1.73034E+001
5.2383333E-008, 1.36772E+001
5.2420370E-008, 1.12344E+001
5.2457407E-008, 9.1768E+000
5.2494444E-008, 7.7755E+000
5.2531481E-008, 6.5313E+000
5.2568519E-008, 5.4113E+000
5.2605556E-008, 4.3850E+000
5.2642593E-008, 3.6299E+000
5.2679630E-008, 2.9812E+000
5.2716667E-008, 2.3477E+000
5.2753704E-008, 1.8789E+000
5.2790741E-008, 1.5495E+000
5.2827778E-008, 1.4456E+000
5.2864815E-008, 1.3898E+000
5.2901852E-008, 1.3594E+000
5.2938889E-008, 1.3847E+000
5.2975926E-008, 1.4608E+000
5.3012963E-008, 1.5165E+000
5.3050000E-008, 1.5748E+000
5.3087037E-008, 1.7370E+000
5.3124074E-008, 1.8890E+000
5.3161111E-008, 2.1120E+000
5.3198148E-008, 2.2159E+000
5.3235185E-008, 2.3553E+000
5.3272222E-008, 2.3173E+000
5.3309259E-008, 2.3299E+000
5.3346296E-008, 2.2868E+000
5.3383333E-008, 2.2032E+000
5.3420370E-008, 2.1830E+000
5.3457407E-008, 2.1399E+000
5.3494444E-008, 2.0917E+000
5.3531481E-008, 2.1069E+000
5.3568519E-008, 2.0740E+000
5.3605556E-008, 2.1069E+000
5.3642593E-008, 2.0487E+000
5.3679630E-008, 2.0867E+000
5.3716667E-008, 2.0537E+000
5.3753704E-008, 2.0258E+000
5.3790741E-008, 1.9726E+000
5.3827778E-008, 1.9802E+000
5.3864815E-008, 1.9169E+000
5.3901852E-008, 1.9144E+000
5.3938889E-008, 1.8865E+000
5.3975926E-008, 1.8662E+000
5.4012963E-008, 1.8434E+000
5.4050000E-008, 1.8333E+000
5.4087037E-008, 1.8105E+000
5.4124074E-008, 1.7699E+000
5.4161111E-008, 1.7623E+000
5.4198148E-008, 1.7319E+000
5.4235185E-008, 1.6508E+000
5.4272222E-008, 1.6001E+000
5.4309259E-008, 1.5419E+000
5.4346296E-008, 1.4557E+000
5.4383333E-008, 1.3923E+000
5.4420370E-008, 1.3366E+000
5.4457407E-008, 1.2327E+000
5.4494444E-008, 1.1516E+000
5.4531481E-008, 1.0427E+000
5.4568519E-008, 1.0148E+000
5.4605556E-008, 9.590E-001
5.4642593E-008, 8.526E-001
5.4679630E-008, 8.121E-001
5.4716667E-008, 7.816E-001
5.4753704E-008, 7.056E-001
5.4790741E-008, 6.296E-001
5.4827778E-008, 6.245E-001
5.4864815E-008, 5.181E-001
5.4901852E-008, 5.232E-001
5.4938889E-008, 4.320E-001
5.4975926E-008, 4.345E-001
5.5012963E-008, 3.737E-001
5.5050000E-008, 3.205E-001
5.5087037E-008, 2.495E-001
5.5124074E-008, 1.887E-001
5.5161111E-008, 2.039E-001
5.5198148E-008, 1.836E-001
5.5235185E-008, 1.786E-001
5.5272222E-008, 1.887E-001
5.5309259E-008, 1.811E-001
5.5346296E-008, 2.014E-001
5.5383333E-008, 2.571E-001
5.5420370E-008, 2.799E-001
5.5457407E-008, 3.382E-001
5.5494444E-008, 3.990E-001
5.5531481E-008, 4.244E-001
5.5568519E-008, 4.522E-001
5.5605556E-008, 4.624E-001
5.5642593E-008, 4.826E-001
5.5679630E-008, 5.257E-001
5.5716667E-008, 5.840E-001
5.5753704E-008, 5.688E-001
5.5790741E-008, 5.815E-001
5.5827778E-008, 6.017E-001
5.5864815E-008, 5.992E-001
5.5901852E-008, 6.524E-001
5.5938889E-008, 6.803E-001
5.5975926E-008, 6.904E-001
5.6012963E-008, 7.031E-001
5.6050000E-008, 7.360E-001
5.6087037E-008, 7.614E-001
5.6124074E-008, 7.791E-001
5.6161111E-008, 7.563E-001
5.6198148E-008, 8.045E-001
5.6235185E-008, 8.121E-001
5.6272222E-008, 8.399E-001
5.6309259E-008, 7.715E-001
5.6346296E-008, 8.247E-001
5.6383333E-008, 7.715E-001
5.6420370E-008, 7.563E-001
5.6457407E-008, 7.031E-001
5.6494444E-008, 6.854E-001
5.6531481E-008, 6.499E-001
5.6568519E-008, 6.271E-001
5.6605556E-008, 6.068E-001
5.6642593E-008, 5.181E-001
5.6679630E-008, 5.206E-001
5.6716667E-008, 4.370E-001
5.6753704E-008, 3.838E-001
5.6790741E-008, 3.686E-001
5.6827778E-008, 3.129E-001
5.6864815E-008, 2.140E-001
5.6901852E-008, 1.557E-001
5.6938889E-008, 1.253E-001
5.6975926E-008, 5.69E-002
5.7012963E-008, 2.90E-002
5.7050000E-008, -6.98E-002
5.7087037E-008, -1.205E-001
5.7124074E-008, -1.154E-001
5.7161111E-008, -2.573E-001
5.7198148E-008, -2.902E-001
5.7235185E-008, -3.054E-001
5.7272222E-008, -3.612E-001
5.7309259E-008, -3.561E-001
5.7346296E-008, -4.448E-001
5.7383333E-008, -4.499E-001
5.7420370E-008, -4.702E-001
5.7457407E-008, -5.360E-001
5.7494444E-008, -5.436E-001
5.7531481E-008, -5.512E-001
5.7568519E-008, -6.171E-001
5.7605556E-008, -6.019E-001
5.7642593E-008, -5.538E-001
5.7679630E-008, -6.095E-001
5.7716667E-008, -5.918E-001
5.7753704E-008, -5.360E-001
5.7790741E-008, -5.588E-001
5.7827778E-008, -5.158E-001
5.7864815E-008, -5.360E-001
5.7901852E-008, -4.854E-001
5.7938889E-008, -4.930E-001
5.7975926E-008, -4.778E-001
5.8012963E-008, -4.144E-001
5.8050000E-008, -4.271E-001
5.8087037E-008, -3.663E-001
5.8124074E-008, -3.840E-001
5.8161111E-008, -3.105E-001
5.8198148E-008, -2.218E-001
5.8235185E-008, -2.168E-001
5.8272222E-008, -2.066E-001
5.8309259E-008, -1.179E-001
5.8346296E-008, -9.51E-002
5.8383333E-008, -6.98E-002
5.8420370E-008, -6.72E-002
5.8457407E-008, -7.99E-002
5.8494444E-008, -4.19E-002
5.8531481E-008, -1.15E-002
5.8568519E-008, 3.7E-003
5.8605556E-008, -2.42E-002
5.8642593E-008, -5.20E-002
5.8679630E-008, -2.42E-002
5.8716667E-008, -1.66E-002
5.8753704E-008, -1.91E-002
5.8790741E-008, -6.72E-002
5.8827778E-008, -2.92E-002
5.8864815E-008, -1.15E-002
5.8901852E-008, 1.2E-003
5.8938889E-008, -2.92E-002
5.8975926E-008, -6.98E-002
5.9012963E-008, -1.027E-001
5.9050000E-008, -1.357E-001
5.9087037E-008, -1.002E-001
5.9124074E-008, -1.559E-001
5.9161111E-008, -1.661E-001
5.9198148E-008, -1.787E-001
5.9235185E-008, -2.370E-001
5.9272222E-008, -2.725E-001
5.9309259E-008, -2.801E-001
5.9346296E-008, -3.358E-001
5.9383333E-008, -3.840E-001
5.9420370E-008, -3.941E-001
5.9457407E-008, -4.245E-001
5.9494444E-008, -4.626E-001
5.9531481E-008, -4.727E-001
5.9568519E-008, -4.980E-001
5.9605556E-008, -5.031E-001
5.9642593E-008, -5.538E-001
5.9679630E-008, -5.766E-001
5.9716667E-008, -6.070E-001
5.9753704E-008, -6.222E-001
5.9790741E-008, -6.323E-001
5.9827778E-008, -6.779E-001
5.9864815E-008, -6.095E-001
5.9901852E-008, -6.146E-001
5.9938889E-008, -6.399E-001
5.9975926E-008, -6.298E-001
6.0012963E-008, -6.197E-001
6.0050000E-008, -5.969E-001
6.0087037E-008, -6.197E-001
6.0124074E-008, -5.816E-001
6.0161111E-008, -5.158E-001
6.0198148E-008, -5.082E-001
6.0235185E-008, -5.284E-001
6.0272222E-008, -4.955E-001
6.0309259E-008, -4.828E-001
6.0346296E-008, -5.031E-001
6.0383333E-008, -4.296E-001
6.0420370E-008, -4.169E-001
6.0457407E-008, -4.448E-001
6.0494444E-008, -4.448E-001
6.0531481E-008, -3.916E-001
6.0568519E-008, -3.688E-001
6.0605556E-008, -4.093E-001
6.0642593E-008, -3.536E-001
6.0679630E-008, -3.663E-001
6.0716667E-008, -3.460E-001
6.0753704E-008, -3.206E-001
6.0790741E-008, -3.333E-001
6.0827778E-008, -2.700E-001
6.0864815E-008, -2.598E-001
6.0901852E-008, -3.308E-001
6.0938889E-008, -2.472E-001
6.0975926E-008, -2.598E-001
6.1012963E-008, -2.826E-001
6.1050000E-008, -2.446E-001
6.1087037E-008, -3.257E-001
6.1124074E-008, -2.826E-001
6.1161111E-008, -3.536E-001
6.1198148E-008, -3.282E-001
6.1235185E-008, -3.130E-001
6.1272222E-008, -3.612E-001
6.1309259E-008, -4.144E-001
6.1346296E-008, -3.916E-001
6.1383333E-008, -3.916E-001
6.1420370E-008, -3.840E-001
6.1457407E-008, -4.448E-001
6.1494444E-008, -3.967E-001
6.1531481E-008, -4.549E-001
6.1568519E-008, -5.031E-001
6.1605556E-008, -5.234E-001
6.1642593E-008, -5.867E-001
6.1679630E-008, -5.766E-001
6.1716667E-008, -6.399E-001
6.1753704E-008, -7.134E-001
6.1790741E-008, -7.464E-001
6.1827778E-008, -7.844E-001
6.1864815E-008, -7.793E-001
6.1901852E-008, -8.325E-001
6.1938889E-008, -8.579E-001
6.1975926E-008, -8.604E-001
6.2012963E-008, -8.857E-001
6.2050000E-008, -9.111E-001
6.2087037E-008, -9.668E-001
6.2124074E-008, -9.719E-001
6.2161111E-008, -1.0327E+000
6.2198148E-008, -1.0175E+000
6.2235185E-008, -1.0226E+000
6.2272222E-008, -1.0606E+000
6.2309259E-008, -1.0656E+000
6.2346296E-008, -1.0910E+000
6.2383333E-008, -1.1087E+000
6.2420370E-008, -1.0885E+000
6.2457407E-008, -1.1011E+000
6.2494444E-008, -1.1037E+000
6.2531481E-008, -1.0961E+000
6.2568519E-008, -1.0961E+000
6.2605556E-008, -1.0961E+000
6.2642593E-008, -1.0580E+000
6.2679630E-008, -1.0910E+000
6.2716667E-008, -1.0707E+000
6.2753704E-008, -1.0606E+000
6.2790741E-008, -1.0150E+000
6.2827778E-008, -1.0327E+000
6.2864815E-008, -1.0226E+000
6.2901852E-008, -1.0048E+000
6.2938889E-008, -9.820E-001
6.2975926E-008, -9.541E-001
6.3012963E-008, -9.719E-001
6.3050000E-008, -9.237E-001
6.3087037E-008, -9.516E-001
6.3124074E-008, -9.111E-001
6.3161111E-008, -9.060E-001
6.3198148E-008, -8.908E-001
6.3235185E-008, -8.452E-001
6.3272222E-008, -8.756E-001
6.3309259E-008, -8.629E-001
6.3346296E-008, -8.477E-001
6.3383333E-008, -8.857E-001
6.3420370E-008, -8.452E-001
6.3457407E-008, -8.249E-001
6.3494444E-008, -8.883E-001
6.3531481E-008, -8.452E-001
6.3568519E-008, -9.009E-001
6.3605556E-008, -9.060E-001
6.3642593E-008, -8.883E-001
6.3679630E-008, -9.288E-001
6.3716667E-008, -9.136E-001
6.3753704E-008, -8.832E-001
6.3790741E-008, -9.035E-001
6.3827778E-008, -9.364E-001
6.3864815E-008, -9.770E-001
6.3901852E-008, -1.0023E+000
6.3938889E-008, -9.846E-001
6.3975926E-008, -9.896E-001
6.4012963E-008, -1.0479E+000
6.4050000E-008, -1.0327E+000
6.4087037E-008, -1.0986E+000
6.4124074E-008, -1.1214E+000
6.4161111E-008, -1.1493E+000
6.4198148E-008, -1.1518E+000
6.4235185E-008, -1.1493E+000
6.4272222E-008, -1.1543E+000
6.4309259E-008, -1.1695E+000
6.4346296E-008, -1.1543E+000
6.4383333E-008, -1.2278E+000
6.4420370E-008, -1.1771E+000
6.4457407E-008, -1.2202E+000
6.4494444E-008, -1.2304E+000
6.4531481E-008, -1.2405E+000
6.4568519E-008, -1.2481E+000
6.4605556E-008, -1.2481E+000
6.4642593E-008, -1.2228E+000
6.4679630E-008, -1.2582E+000
6.4716667E-008, -1.2481E+000
6.4753704E-008, -1.2506E+000
6.4790741E-008, -1.2304E+000
6.4827778E-008, -1.2481E+000
6.4864815E-008, -1.2126E+000
6.4901852E-008, -1.1721E+000
6.4938889E-008, -1.2177E+000
6.4975926E-008, -1.2278E+000
6.5012963E-008, -1.1923E+000
6.5050000E-008, -1.1771E+000
6.5087037E-008, -1.1974E+000
6.5124074E-008, -1.1214E+000
6.5161111E-008, -1.0910E+000
6.5198148E-008, -1.0580E+000
6.5235185E-008, -9.567E-001
6.5272222E-008, -9.415E-001
6.5309259E-008, -9.440E-001
6.5346296E-008, -8.731E-001
6.5383333E-008, -8.756E-001
6.5420370E-008, -8.579E-001
6.5457407E-008, -8.731E-001
6.5494444E-008, -8.300E-001
6.5531481E-008, -8.148E-001
6.5568519E-008, -8.173E-001
6.5605556E-008, -7.996E-001
6.5642593E-008, -7.996E-001
6.5679630E-008, -7.160E-001
6.5716667E-008, -7.616E-001
6.5753704E-008, -7.312E-001
6.5790741E-008, -6.881E-001
6.5827778E-008, -6.982E-001
6.5864815E-008, -6.754E-001
6.5901852E-008, -6.957E-001
6.5938889E-008, -7.033E-001
6.5975926E-008, -6.957E-001
6.6012963E-008, -6.627E-001
6.6050000E-008, -7.058E-001
6.6087037E-008, -6.627E-001
6.6124074E-008, -6.729E-001
6.6161111E-008, -6.855E-001
6.6198148E-008, -6.906E-001
6.6235185E-008, -6.729E-001
6.6272222E-008, -7.083E-001
6.6309259E-008, -7.033E-001
6.6346296E-008, -7.109E-001
6.6383333E-008, -7.109E-001
6.6420370E-008, -7.438E-001
6.6457407E-008, -7.185E-001
6.6494444E-008, -7.641E-001
6.6531481E-008, -7.565E-001
6.6568519E-008, -7.641E-001
6.6605556E-008, -7.970E-001
6.6642593E-008, -7.920E-001
6.6679630E-008, -8.072E-001
6.6716667E-008, -8.427E-001
6.6753704E-008, -8.477E-001
6.6790741E-008, -9.035E-001
6.6827778E-008, -8.579E-001
6.6864815E-008, -8.680E-001
6.6901852E-008, -9.085E-001
6.6938889E-008, -8.832E-001
6.6975926E-008, -9.136E-001
6.7012963E-008, -9.060E-001
6.7050000E-008, -8.731E-001
6.7087037E-008, -9.035E-001
6.7124074E-008, -9.111E-001
6.7161111E-008, -9.085E-001
6.7198148E-008, -9.313E-001
6.7235185E-008, -9.212E-001
6.7272222E-008, -9.111E-001
6.7309259E-008, -8.756E-001
6.7346296E-008, -8.553E-001
6.7383333E-008, -9.187E-001
6.7420370E-008, -9.060E-001
6.7457407E-008, -8.452E-001
6.7494444E-008, -8.807E-001
6.7531481E-008, -8.680E-001
6.7568519E-008, -8.756E-001
6.7605556E-008, -9.060E-001
6.7642593E-008, -9.035E-001
6.7679630E-008, -8.452E-001
6.7716667E-008, -8.401E-001
6.7753704E-008, -8.376E-001
6.7790741E-008, -8.807E-001
6.7827778E-008, -8.503E-001
6.7864815E-008, -8.224E-001
6.7901852E-008, -8.122E-001
6.7938889E-008, -7.438E-001
6.7975926E-008, -7.489E-001
6.8012963E-008, -6.982E-001
6.8050000E-008, -7.286E-001
6.8087037E-008, -7.312E-001
6.8124074E-008, -7.083E-001
6.8161111E-008, -6.805E-001
6.8198148E-008, -6.957E-001
6.8235185E-008, -6.678E-001
6.8272222E-008, -6.931E-001
6.8309259E-008, -6.475E-001
6.8346296E-008, -7.109E-001
6.8383333E-008, -6.805E-001
6.8420370E-008, -7.033E-001
6.8457407E-008, -7.742E-001
6.8494444E-008, -7.286E-001
6.8531481E-008, -7.388E-001
6.8568519E-008, -7.996E-001
6.8605556E-008, -7.768E-001
6.8642593E-008, -7.616E-001
6.8679630E-008, -8.350E-001
6.8716667E-008, -8.021E-001
6.8753704E-008, -7.996E-001
6.8790741E-008, -7.945E-001
6.8827778E-008, -8.528E-001
6.8864815E-008, -8.452E-001
6.8901852E-008, -8.883E-001
6.8938889E-008, -8.477E-001
6.8975926E-008, -8.908E-001
6.9012963E-008, -8.959E-001
6.9050000E-008, -8.959E-001
6.9087037E-008, -8.933E-001
6.9124074E-008, -9.111E-001
6.9161111E-008, -8.984E-001
6.9198148E-008, -8.857E-001
6.9235185E-008, -8.655E-001
6.9272222E-008, -8.503E-001
6.9309259E-008, -8.350E-001
6.9346296E-008, -8.198E-001
6.9383333E-008, -7.641E-001
6.9420370E-008, -8.959E-001
6.9457407E-008, -8.984E-001
6.9494444E-008, -9.364E-001
6.9531481E-008, -1.0479E+000
6.9568519E-008, -1.0479E+000
6.9605556E-008, -1.0479E+000
6.9642593E-008, -1.1037E+000
6.9679630E-008, -1.1189E+000
6.9716667E-008, -1.1138E+000
6.9753704E-008, -1.0935E+000
6.9790741E-008, -1.0479E+000
6.9827778E-008, -1.0150E+000
6.9864815E-008, -9.465E-001
6.9901852E-008, -8.984E-001
6.9938889E-008, -8.933E-001
6.9975926E-008, -8.198E-001
7.0012963E-008, -7.894E-001
7.0050000E-008, -7.388E-001
7.0087037E-008, -7.033E-001
7.0124074E-008, -7.007E-001
7.0161111E-008, -6.577E-001
7.0198148E-008, -6.298E-001
7.0235185E-008, -6.602E-001
7.0272222E-008, -6.577E-001
7.0309259E-008, -6.349E-001
7.0346296E-008, -6.931E-001
7.0383333E-008, -6.703E-001
7.0420370E-008, -6.653E-001
7.0457407E-008, -7.058E-001
7.0494444E-008, -6.551E-001
7.0531481E-008, -6.729E-001
7.0568519E-008, -6.678E-001
7.0605556E-008, -6.374E-001
7.0642593E-008, -6.121E-001
7.0679630E-008, -5.842E-001
7.0716667E-008, -5.740E-001
7.0753704E-008, -5.234E-001
7.0790741E-008, -5.436E-001
7.0827778E-008, -4.702E-001
7.0864815E-008, -4.372E-001
7.0901852E-008, -4.195E-001
7.0938889E-008, -4.296E-001
7.0975926E-008, -3.992E-001
7.1012963E-008, -3.536E-001
7.1050000E-008, -3.460E-001
7.1087037E-008, -3.358E-001
7.1124074E-008, -3.105E-001
7.1161111E-008, -2.928E-001
7.1198148E-008, -2.548E-001
7.1235185E-008, -2.978E-001
7.1272222E-008, -3.282E-001
7.1309259E-008, -2.548E-001
7.1346296E-008, -3.004E-001
7.1383333E-008, -3.054E-001
7.1420370E-008, -3.333E-001
7.1457407E-008, -3.105E-001
7.1494444E-008, -3.232E-001
7.1531481E-008, -3.232E-001
7.1568519E-008, -2.902E-001
7.1605556E-008, -2.902E-001
7.1642593E-008, -2.852E-001
7.1679630E-008, -2.725E-001
7.1716667E-008, -2.497E-001
7.1753704E-008, -2.522E-001
7.1790741E-008, -2.142E-001
7.1827778E-008, -2.598E-001
7.1864815E-008, -2.421E-001
7.1901852E-008, -2.320E-001
7.1938889E-008, -2.396E-001
7.1975926E-008, -1.965E-001
7.2012963E-008, -2.294E-001
7.2050000E-008, -2.193E-001
7.2087037E-008, -2.168E-001
7.2124074E-008, -2.269E-001
7.2161111E-008, -2.041E-001
7.2198148E-008, -1.889E-001
7.2235185E-008, -1.813E-001
7.2272222E-008, -2.370E-001
7.2309259E-008, -2.244E-001
7.2346296E-008, -1.990E-001
7.2383333E-008, -2.066E-001
7.2420370E-008, -2.142E-001
7.2457407E-008, -1.635E-001
7.2494444E-008, -1.787E-001
7.2531481E-008, -1.813E-001
7.2568519E-008, -1.813E-001
7.2605556E-008, -1.357E-001
7.2642593E-008, -1.433E-001
7.2679630E-008, -1.027E-001
7.2716667E-008, -1.255E-001
7.2753704E-008, -1.129E-001
7.2790741E-008, -9.51E-002
7.2827778E-008, -7.74E-002
7.2864815E-008, -8.50E-002
7.2901852E-008, -8.24E-002
7.2938889E-008, -9.26E-002
7.2975926E-008, -9.51E-002
7.3012963E-008, -8.24E-002
7.3050000E-008, -9.51E-002
7.3087037E-008, -8.75E-002
7.3124074E-008, -8.50E-002
7.3161111E-008, -7.74E-002
7.3198148E-008, -1.053E-001
7.3235185E-008, -9.51E-002
7.3272222E-008, -1.306E-001
7.3309259E-008, -9.77E-002
7.3346296E-008, -1.179E-001
7.3383333E-008, -1.407E-001
7.3420370E-008, -1.255E-001
7.3457407E-008, -1.230E-001
7.3494444E-008, -1.559E-001
7.3531481E-008, -1.458E-001
7.3568519E-008, -1.458E-001
7.3605556E-008, -1.179E-001
7.3642593E-008, -1.534E-001
7.3679630E-008, -8.75E-002
7.3716667E-008, -1.103E-001
7.3753704E-008, -1.027E-001
7.3790741E-008, -8.24E-002
7.3827778E-008, -1.179E-001
7.3864815E-008, -1.433E-001
7.3901852E-008, -1.053E-001
7.3938889E-008, -1.027E-001
7.3975926E-008, -9.77E-002
7.4012963E-008, -1.129E-001
