Type:          average
Points:        1350
Count:         16
XInc:          7.407407E-012
XOrg:          1.04125000000E-007
YData range:   1.60798E+002
YData center:  9.99998E-002
Coupling:      50 Ohms
XRange:        1.00000E-008
XOffset:       1.04125000000E-007
YRange:        1.60000E+002
YOffset:       1.00000E-001
Date:          14 JUN 2023
Time:          13:50:01:82
Frame:         86100D:MY50260121
X Units:       second
Y Units:       Volt
XY Data:
1.04125000E-007, -9.364E-001
1.04132407E-007, -9.339E-001
1.04139815E-007, -9.035E-001
1.04147222E-007, -8.959E-001
1.04154630E-007, -9.187E-001
1.04162037E-007, -9.288E-001
1.04169444E-007, -8.857E-001
1.04176852E-007, -9.187E-001
1.04184259E-007, -8.680E-001
1.04191667E-007, -8.832E-001
1.04199074E-007, -9.009E-001
1.04206481E-007, -9.212E-001
1.04213889E-007, -9.313E-001
1.04221296E-007, -8.908E-001
1.04228704E-007, -9.085E-001
1.04236111E-007, -9.161E-001
1.04243519E-007, -9.491E-001
1.04250926E-007, -8.807E-001
1.04258333E-007, -9.161E-001
1.04265741E-007, -8.984E-001
1.04273148E-007, -9.009E-001
1.04280556E-007, -8.452E-001
1.04287963E-007, -9.339E-001
1.04295370E-007, -9.060E-001
1.04302778E-007, -9.339E-001
1.04310185E-007, -9.212E-001
1.04317593E-007, -9.313E-001
1.04325000E-007, -9.263E-001
1.04332407E-007, -8.452E-001
1.04339815E-007, -9.263E-001
1.04347222E-007, -8.857E-001
1.04354630E-007, -9.009E-001
1.04362037E-007, -8.984E-001
1.04369444E-007, -8.832E-001
1.04376852E-007, -8.984E-001
1.04384259E-007, -8.908E-001
1.04391667E-007, -8.908E-001
1.04399074E-007, -8.984E-001
1.04406481E-007, -8.629E-001
1.04413889E-007, -8.933E-001
1.04421296E-007, -8.731E-001
1.04428704E-007, -8.705E-001
1.04436111E-007, -9.187E-001
1.04443519E-007, -8.680E-001
1.04450926E-007, -9.187E-001
1.04458333E-007, -8.629E-001
1.04465741E-007, -8.705E-001
1.04473148E-007, -8.629E-001
1.04480556E-007, -8.579E-001
1.04487963E-007, -8.503E-001
1.04495370E-007, -8.452E-001
1.04502778E-007, -8.807E-001
1.04510185E-007, -8.477E-001
1.04517593E-007, -8.680E-001
1.04525000E-007, -8.731E-001
1.04532407E-007, -8.680E-001
1.04539815E-007, -8.528E-001
1.04547222E-007, -8.781E-001
1.04554630E-007, -8.325E-001
1.04562037E-007, -8.350E-001
1.04569444E-007, -8.579E-001
1.04576852E-007, -8.452E-001
1.04584259E-007, -8.249E-001
1.04591667E-007, -8.427E-001
1.04599074E-007, -8.629E-001
1.04606481E-007, -8.072E-001
1.04613889E-007, -8.427E-001
1.04621296E-007, -8.376E-001
1.04628704E-007, -8.350E-001
1.04636111E-007, -7.970E-001
1.04643519E-007, -7.945E-001
1.04650926E-007, -7.894E-001
1.04658333E-007, -7.996E-001
1.04665741E-007, -8.046E-001
1.04673148E-007, -8.072E-001
1.04680556E-007, -7.793E-001
1.04687963E-007, -8.148E-001
1.04695370E-007, -7.362E-001
1.04702778E-007, -7.666E-001
1.04710185E-007, -7.616E-001
1.04717593E-007, -7.464E-001
1.04725000E-007, -7.717E-001
1.04732407E-007, -7.413E-001
1.04739815E-007, -7.844E-001
1.04747222E-007, -7.590E-001
1.04754630E-007, -7.742E-001
1.04762037E-007, -7.337E-001
1.04769444E-007, -7.083E-001
1.04776852E-007, -6.982E-001
1.04784259E-007, -7.033E-001
1.04791667E-007, -7.210E-001
1.04799074E-007, -6.957E-001
1.04806481E-007, -7.134E-001
1.04813889E-007, -6.855E-001
1.04821296E-007, -6.957E-001
1.04828704E-007, -7.210E-001
1.04836111E-007, -7.033E-001
1.04843519E-007, -6.830E-001
1.04850926E-007, -7.083E-001
1.04858333E-007, -7.083E-001
1.04865741E-007, -6.754E-001
1.04873148E-007, -7.109E-001
1.04880556E-007, -6.805E-001
1.04887963E-007, -6.830E-001
1.04895370E-007, -6.399E-001
1.04902778E-007, -6.475E-001
1.04910185E-007, -6.425E-001
1.04917593E-007, -6.374E-001
1.04925000E-007, -6.805E-001
1.04932407E-007, -6.653E-001
1.04939815E-007, -6.551E-001
1.04947222E-007, -6.475E-001
1.04954630E-007, -6.298E-001
1.04962037E-007, -5.969E-001
1.04969444E-007, -6.374E-001
1.04976852E-007, -6.146E-001
1.04984259E-007, -6.197E-001
1.04991667E-007, -6.146E-001
1.04999074E-007, -5.766E-001
1.05006481E-007, -6.273E-001
1.05013889E-007, -6.197E-001
1.05021296E-007, -5.893E-001
1.05028704E-007, -6.323E-001
1.05036111E-007, -5.867E-001
1.05043519E-007, -6.273E-001
1.05050926E-007, -5.740E-001
1.05058333E-007, -6.019E-001
1.05065741E-007, -6.095E-001
1.05073148E-007, -5.867E-001
1.05080556E-007, -5.969E-001
1.05087963E-007, -5.994E-001
1.05095370E-007, -5.740E-001
1.05102778E-007, -5.563E-001
1.05110185E-007, -5.766E-001
1.05117593E-007, -5.816E-001
1.05125000E-007, -5.766E-001
1.05132407E-007, -5.918E-001
1.05139815E-007, -5.893E-001
1.05147222E-007, -5.791E-001
1.05154630E-007, -5.816E-001
1.05162037E-007, -5.943E-001
1.05169444E-007, -5.740E-001
1.05176852E-007, -5.715E-001
1.05184259E-007, -6.273E-001
1.05191667E-007, -5.588E-001
1.05199074E-007, -5.791E-001
1.05206481E-007, -5.614E-001
1.05213889E-007, -5.740E-001
1.05221296E-007, -5.639E-001
1.05228704E-007, -5.614E-001
1.05236111E-007, -5.436E-001
1.05243519E-007, -6.095E-001
1.05250926E-007, -5.512E-001
1.05258333E-007, -5.690E-001
1.05265741E-007, -5.158E-001
1.05273148E-007, -5.512E-001
1.05280556E-007, -5.867E-001
1.05287963E-007, -5.436E-001
1.05295370E-007, -5.893E-001
1.05302778E-007, -5.487E-001
1.05310185E-007, -5.310E-001
1.05317593E-007, -5.664E-001
1.05325000E-007, -5.208E-001
1.05332407E-007, -5.614E-001
1.05339815E-007, -5.893E-001
1.05347222E-007, -5.740E-001
1.05354630E-007, -6.045E-001
1.05362037E-007, -5.690E-001
1.05369444E-007, -5.791E-001
1.05376852E-007, -5.766E-001
1.05384259E-007, -5.766E-001
1.05391667E-007, -5.715E-001
1.05399074E-007, -5.715E-001
1.05406481E-007, -5.614E-001
1.05413889E-007, -6.425E-001
1.05421296E-007, -5.969E-001
1.05428704E-007, -5.715E-001
1.05436111E-007, -5.842E-001
1.05443519E-007, -6.095E-001
1.05450926E-007, -5.690E-001
1.05458333E-007, -5.893E-001
1.05465741E-007, -6.019E-001
1.05473148E-007, -5.791E-001
1.05480556E-007, -6.298E-001
1.05487963E-007, -5.816E-001
1.05495370E-007, -6.298E-001
1.05502778E-007, -6.526E-001
1.05510185E-007, -6.247E-001
1.05517593E-007, -6.475E-001
1.05525000E-007, -5.893E-001
1.05532407E-007, -6.298E-001
1.05539815E-007, -6.222E-001
1.05547222E-007, -6.374E-001
1.05554630E-007, -6.450E-001
1.05562037E-007, -6.551E-001
1.05569444E-007, -6.678E-001
1.05576852E-007, -6.425E-001
1.05584259E-007, -6.855E-001
1.05591667E-007, -6.703E-001
1.05599074E-007, -6.526E-001
1.05606481E-007, -7.058E-001
1.05613889E-007, -6.931E-001
1.05621296E-007, -7.007E-001
1.05628704E-007, -7.185E-001
1.05636111E-007, -6.830E-001
1.05643519E-007, -6.855E-001
1.05650926E-007, -7.134E-001
1.05658333E-007, -7.438E-001
1.05665741E-007, -7.236E-001
1.05673148E-007, -7.464E-001
1.05680556E-007, -7.362E-001
1.05687963E-007, -7.312E-001
1.05695370E-007, -7.666E-001
1.05702778E-007, -7.210E-001
1.05710185E-007, -7.565E-001
1.05717593E-007, -7.768E-001
1.05725000E-007, -7.565E-001
1.05732407E-007, -7.590E-001
1.05739815E-007, -7.970E-001
1.05747222E-007, -8.148E-001
1.05754630E-007, -8.198E-001
1.05762037E-007, -8.046E-001
1.05769444E-007, -7.869E-001
1.05776852E-007, -8.097E-001
1.05784259E-007, -8.300E-001
1.05791667E-007, -7.920E-001
1.05799074E-007, -8.427E-001
1.05806481E-007, -8.579E-001
1.05813889E-007, -8.427E-001
1.05821296E-007, -8.781E-001
1.05828704E-007, -8.300E-001
1.05836111E-007, -8.427E-001
1.05843519E-007, -8.933E-001
1.05850926E-007, -8.680E-001
1.05858333E-007, -8.274E-001
1.05865741E-007, -8.731E-001
1.05873148E-007, -8.629E-001
1.05880556E-007, -8.756E-001
1.05887963E-007, -8.908E-001
1.05895370E-007, -9.136E-001
1.05902778E-007, -9.161E-001
1.05910185E-007, -9.237E-001
1.05917593E-007, -9.111E-001
1.05925000E-007, -9.694E-001
1.05932407E-007, -9.567E-001
1.05939815E-007, -9.618E-001
1.05947222E-007, -9.161E-001
1.05954630E-007, -9.288E-001
1.05962037E-007, -9.770E-001
1.05969444E-007, -9.719E-001
1.05976852E-007, -9.871E-001
1.05984259E-007, -9.972E-001
1.05991667E-007, -1.0074E+000
1.05999074E-007, -9.744E-001
1.06006481E-007, -1.0276E+000
1.06013889E-007, -1.0352E+000
1.06021296E-007, -1.0276E+000
1.06028704E-007, -1.0099E+000
1.06036111E-007, -1.0099E+000
1.06043519E-007, -1.0175E+000
1.06050926E-007, -1.0428E+000
1.06058333E-007, -1.0175E+000
1.06065741E-007, -1.0124E+000
1.06073148E-007, -1.0428E+000
1.06080556E-007, -1.0504E+000
1.06087963E-007, -1.0454E+000
1.06095370E-007, -1.0530E+000
1.06102778E-007, -1.0428E+000
1.06110185E-007, -1.0530E+000
1.06117593E-007, -1.0707E+000
1.06125000E-007, -1.0885E+000
1.06132407E-007, -1.0302E+000
1.06139815E-007, -1.0732E+000
1.06147222E-007, -1.0606E+000
1.06154630E-007, -1.0859E+000
1.06162037E-007, -1.1341E+000
1.06169444E-007, -1.0707E+000
1.06176852E-007, -1.0910E+000
1.06184259E-007, -1.0986E+000
1.06191667E-007, -1.0302E+000
1.06199074E-007, -1.0656E+000
1.06206481E-007, -1.0175E+000
1.06213889E-007, -1.0074E+000
1.06221296E-007, -9.846E-001
1.06228704E-007, -9.795E-001
1.06236111E-007, -9.491E-001
1.06243519E-007, -8.908E-001
1.06250926E-007, -8.300E-001
1.06258333E-007, -7.894E-001
1.06265741E-007, -7.007E-001
1.06273148E-007, -6.273E-001
1.06280556E-007, -5.893E-001
1.06287963E-007, -5.284E-001
1.06295370E-007, -3.663E-001
1.06302778E-007, -2.244E-001
1.06310185E-007, -9.51E-002
1.06317593E-007, 5.19E-002
1.06325000E-007, 1.938E-001
1.06332407E-007, 4.649E-001
1.06339815E-007, 6.803E-001
1.06347222E-007, 1.0452E+000
1.06354630E-007, 1.3518E+000
1.06362037E-007, 1.9473E+000
1.06369444E-007, 2.4921E+000
1.06376852E-007, 3.4576E+000
1.06384259E-007, 4.2710E+000
1.06391667E-007, 5.7154E+000
1.06399074E-007, 6.6707E+000
1.06406481E-007, 7.9326E+000
1.06413889E-007, 9.3441E+000
1.06421296E-007, 1.06465E+001
1.06428704E-007, 1.17666E+001
1.06436111E-007, 1.27776E+001
1.06443519E-007, 1.35505E+001
1.06450926E-007, 1.40675E+001
1.06458333E-007, 1.43310E+001
1.06465741E-007, 1.43437E+001
1.06473148E-007, 1.40624E+001
1.06480556E-007, 1.36595E+001
1.06487963E-007, 1.28081E+001
1.06495370E-007, 1.22911E+001
1.06502778E-007, 1.15233E+001
1.06510185E-007, 1.07986E+001
1.06517593E-007, 9.6481E+000
1.06525000E-007, 8.8145E+000
1.06532407E-007, 8.0872E+000
1.06539815E-007, 7.4892E+000
1.06547222E-007, 6.7949E+000
1.06554630E-007, 6.1639E+000
1.06562037E-007, 5.5355E+000
1.06569444E-007, 5.1731E+000
1.06576852E-007, 4.8285E+000
1.06584259E-007, 4.3723E+000
1.06591667E-007, 4.0049E+000
1.06599074E-007, 3.6932E+000
1.06606481E-007, 3.4297E+000
1.06613889E-007, 3.1357E+000
1.06621296E-007, 2.8038E+000
1.06628704E-007, 2.5276E+000
1.06636111E-007, 2.3198E+000
1.06643519E-007, 2.0613E+000
1.06650926E-007, 1.7724E+000
1.06658333E-007, 1.5444E+000
1.06665741E-007, 1.2986E+000
1.06673148E-007, 1.0350E+000
1.06680556E-007, 8.171E-001
1.06687963E-007, 5.460E-001
1.06695370E-007, 3.382E-001
1.06702778E-007, 7.97E-002
1.06710185E-007, -9.26E-002
1.06717593E-007, -2.320E-001
1.06725000E-007, -3.764E-001
1.06732407E-007, -4.980E-001
1.06739815E-007, -6.298E-001
1.06747222E-007, -7.540E-001
1.06754630E-007, -8.503E-001
1.06762037E-007, -8.857E-001
1.06769444E-007, -9.820E-001
1.06776852E-007, -1.0479E+000
1.06784259E-007, -1.0935E+000
1.06791667E-007, -1.2025E+000
1.06799074E-007, -1.2506E+000
1.06806481E-007, -1.3925E+000
1.06813889E-007, -1.4838E+000
1.06821296E-007, -1.4939E+000
1.06828704E-007, -1.6307E+000
1.06836111E-007, -1.7549E+000
1.06843519E-007, -1.7574E+000
1.06850926E-007, -1.8208E+000
1.06858333E-007, -1.8715E+000
1.06865741E-007, -1.9399E+000
1.06873148E-007, -2.0007E+000
1.06880556E-007, -2.0134E+000
1.06887963E-007, -2.0387E+000
1.06895370E-007, -2.0362E+000
1.06902778E-007, -2.0336E+000
1.06910185E-007, -1.9906E+000
1.06917593E-007, -1.9297E+000
1.06925000E-007, -1.8791E+000
1.06932407E-007, -1.8284E+000
1.06939815E-007, -1.7802E+000
1.06947222E-007, -1.6915E+000
1.06954630E-007, -1.6510E+000
1.06962037E-007, -1.6206E+000
1.06969444E-007, -1.6231E+000
1.06976852E-007, -1.6054E+000
1.06984259E-007, -1.6561E+000
1.06991667E-007, -1.6561E+000
1.06999074E-007, -1.6409E+000
1.07006481E-007, -1.7118E+000
1.07013889E-007, -1.6839E+000
1.07021296E-007, -1.6713E+000
1.07028704E-007, -1.6915E+000
1.07036111E-007, -1.7245E+000
1.07043519E-007, -1.7017E+000
1.07050926E-007, -1.7372E+000
1.07058333E-007, -1.7296E+000
1.07065741E-007, -1.7600E+000
1.07073148E-007, -1.7473E+000
1.07080556E-007, -1.7448E+000
1.07087963E-007, -1.7296E+000
1.07095370E-007, -1.7245E+000
1.07102778E-007, -1.7372E+000
1.07110185E-007, -1.6966E+000
1.07117593E-007, -1.6434E+000
1.07125000E-007, -1.6839E+000
1.07132407E-007, -1.7220E+000
1.07139815E-007, -1.7498E+000
1.07147222E-007, -1.7194E+000
1.07154630E-007, -1.7093E+000
1.07162037E-007, -1.7245E+000
1.07169444E-007, -1.8056E+000
1.07176852E-007, -1.7397E+000
1.07184259E-007, -1.7448E+000
1.07191667E-007, -1.7372E+000
1.07199074E-007, -1.7422E+000
1.07206481E-007, -1.7017E+000
1.07213889E-007, -1.6789E+000
1.07221296E-007, -1.6358E+000
1.07228704E-007, -1.6003E+000
1.07236111E-007, -1.5750E+000
1.07243519E-007, -1.5699E+000
1.07250926E-007, -1.5294E+000
1.07258333E-007, -1.4939E+000
1.07265741E-007, -1.4990E+000
1.07273148E-007, -1.4407E+000
1.07280556E-007, -1.4204E+000
1.07287963E-007, -1.4077E+000
1.07295370E-007, -1.4508E+000
1.07302778E-007, -1.4305E+000
1.07310185E-007, -1.4508E+000
1.07317593E-007, -1.4812E+000
1.07325000E-007, -1.4964E+000
1.07332407E-007, -1.5420E+000
1.07339815E-007, -1.5344E+000
1.07347222E-007, -1.5471E+000
1.07354630E-007, -1.5826E+000
1.07362037E-007, -1.5572E+000
1.07369444E-007, -1.5953E+000
1.07376852E-007, -1.6358E+000
1.07384259E-007, -1.6206E+000
1.07391667E-007, -1.6586E+000
1.07399074E-007, -1.6941E+000
1.07406481E-007, -1.6586E+000
1.07413889E-007, -1.6814E+000
1.07421296E-007, -1.6789E+000
1.07428704E-007, -1.6991E+000
1.07436111E-007, -1.7270E+000
1.07443519E-007, -1.7118E+000
1.07450926E-007, -1.6915E+000
1.07458333E-007, -1.6738E+000
1.07465741E-007, -1.7017E+000
1.07473148E-007, -1.7042E+000
1.07480556E-007, -1.6915E+000
1.07487963E-007, -1.7017E+000
1.07495370E-007, -1.7372E+000
1.07502778E-007, -1.7067E+000
1.07510185E-007, -1.7650E+000
1.07517593E-007, -1.7194E+000
1.07525000E-007, -1.7296E+000
1.07532407E-007, -1.6915E+000
1.07539815E-007, -1.7118E+000
1.07547222E-007, -1.7093E+000
1.07554630E-007, -1.7346E+000
1.07562037E-007, -1.7017E+000
1.07569444E-007, -1.7372E+000
1.07576852E-007, -1.7422E+000
1.07584259E-007, -1.7245E+000
1.07591667E-007, -1.7372E+000
1.07599074E-007, -1.7169E+000
1.07606481E-007, -1.7676E+000
1.07613889E-007, -1.7726E+000
1.07621296E-007, -1.7397E+000
1.07628704E-007, -1.7904E+000
1.07636111E-007, -1.7574E+000
1.07643519E-007, -1.7802E+000
1.07650926E-007, -1.7650E+000
1.07658333E-007, -1.7245E+000
1.07665741E-007, -1.7422E+000
1.07673148E-007, -1.7448E+000
1.07680556E-007, -1.8106E+000
1.07687963E-007, -1.8081E+000
1.07695370E-007, -1.7802E+000
1.07702778E-007, -1.7954E+000
1.07710185E-007, -1.7650E+000
1.07717593E-007, -1.8233E+000
1.07725000E-007, -1.7929E+000
1.07732407E-007, -1.7980E+000
1.07739815E-007, -1.8081E+000
1.07747222E-007, -1.8005E+000
1.07754630E-007, -1.8360E+000
1.07762037E-007, -1.8081E+000
1.07769444E-007, -1.8081E+000
1.07776852E-007, -1.8512E+000
1.07784259E-007, -1.8537E+000
1.07791667E-007, -1.8461E+000
1.07799074E-007, -1.8411E+000
1.07806481E-007, -1.8765E+000
1.07813889E-007, -1.8664E+000
1.07821296E-007, -1.8334E+000
1.07828704E-007, -1.8765E+000
1.07836111E-007, -1.8689E+000
1.07843519E-007, -1.8639E+000
1.07850926E-007, -1.8943E+000
1.07858333E-007, -1.8664E+000
1.07865741E-007, -1.8892E+000
1.07873148E-007, -1.8613E+000
1.07880556E-007, -1.8360E+000
1.07887963E-007, -1.8791E+000
1.07895370E-007, -1.9297E+000
1.07902778E-007, -1.8740E+000
1.07910185E-007, -1.8765E+000
1.07917593E-007, -1.9044E+000
1.07925000E-007, -1.8943E+000
1.07932407E-007, -1.9069E+000
1.07939815E-007, -1.9069E+000
1.07947222E-007, -1.9120E+000
1.07954630E-007, -1.9525E+000
1.07962037E-007, -1.9348E+000
1.07969444E-007, -1.9171E+000
1.07976852E-007, -1.9069E+000
1.07984259E-007, -1.9323E+000
1.07991667E-007, -1.9728E+000
1.07999074E-007, -1.9652E+000
1.08006481E-007, -1.9576E+000
1.08013889E-007, -1.9652E+000
1.08021296E-007, -1.9627E+000
1.08028704E-007, -1.9475E+000
1.08036111E-007, -1.9703E+000
1.08043519E-007, -1.9754E+000
1.08050926E-007, -1.9804E+000
1.08058333E-007, -2.0083E+000
1.08065741E-007, -1.9728E+000
1.08073148E-007, -1.9728E+000
1.08080556E-007, -1.9475E+000
1.08087963E-007, -1.9880E+000
1.08095370E-007, -1.9576E+000
1.08102778E-007, -2.0184E+000
1.08110185E-007, -1.9728E+000
1.08117593E-007, -2.0007E+000
1.08125000E-007, -1.9551E+000
1.08132407E-007, -2.0083E+000
1.08139815E-007, -1.9779E+000
1.08147222E-007, -2.0387E+000
1.08154630E-007, -1.9982E+000
1.08162037E-007, -2.0058E+000
1.08169444E-007, -2.0007E+000
1.08176852E-007, -2.0615E+000
1.08184259E-007, -2.0286E+000
1.08191667E-007, -1.9931E+000
1.08199074E-007, -2.0438E+000
1.08206481E-007, -2.0210E+000
1.08213889E-007, -2.0235E+000
1.08221296E-007, -2.0514E+000
1.08228704E-007, -2.0640E+000
1.08236111E-007, -2.0362E+000
1.08243519E-007, -2.0108E+000
1.08250926E-007, -2.0412E+000
1.08258333E-007, -2.0514E+000
1.08265741E-007, -2.0742E+000
1.08273148E-007, -2.0666E+000
1.08280556E-007, -2.0818E+000
1.08287963E-007, -2.0032E+000
1.08295370E-007, -2.0843E+000
1.08302778E-007, -2.0514E+000
1.08310185E-007, -2.0742E+000
1.08317593E-007, -2.0716E+000
1.08325000E-007, -2.0615E+000
1.08332407E-007, -2.0691E+000
1.08339815E-007, -2.0640E+000
1.08347222E-007, -2.0387E+000
1.08354630E-007, -2.0666E+000
1.08362037E-007, -2.0362E+000
1.08369444E-007, -2.0336E+000
1.08376852E-007, -2.0438E+000
1.08384259E-007, -2.0412E+000
1.08391667E-007, -2.0387E+000
1.08399074E-007, -2.0539E+000
1.08406481E-007, -2.0184E+000
1.08413889E-007, -2.0362E+000
1.08421296E-007, -2.0590E+000
1.08428704E-007, -2.0336E+000
1.08436111E-007, -2.0311E+000
1.08443519E-007, -2.0387E+000
1.08450926E-007, -2.0362E+000
1.08458333E-007, -2.0564E+000
1.08465741E-007, -2.0210E+000
1.08473148E-007, -2.0159E+000
1.08480556E-007, -2.0564E+000
1.08487963E-007, -2.0539E+000
1.08495370E-007, -2.0007E+000
1.08502778E-007, -2.0083E+000
1.08510185E-007, -2.0438E+000
1.08517593E-007, -1.9956E+000
1.08525000E-007, -2.0058E+000
1.08532407E-007, -2.0387E+000
1.08539815E-007, -2.0159E+000
1.08547222E-007, -2.0387E+000
1.08554630E-007, -1.9830E+000
1.08562037E-007, -2.0007E+000
1.08569444E-007, -2.0134E+000
1.08576852E-007, -1.9804E+000
1.08584259E-007, -2.0007E+000
1.08591667E-007, -1.9449E+000
1.08599074E-007, -1.9779E+000
1.08606481E-007, -1.9779E+000
1.08613889E-007, -1.9272E+000
1.08621296E-007, -1.9272E+000
1.08628704E-007, -1.9754E+000
1.08636111E-007, -1.9551E+000
1.08643519E-007, -1.9855E+000
1.08650926E-007, -1.9145E+000
1.08658333E-007, -1.9475E+000
1.08665741E-007, -1.9652E+000
1.08673148E-007, -1.9373E+000
1.08680556E-007, -1.9272E+000
1.08687963E-007, -1.9196E+000
1.08695370E-007, -1.9196E+000
1.08702778E-007, -1.9196E+000
1.08710185E-007, -1.9196E+000
1.08717593E-007, -1.9019E+000
1.08725000E-007, -1.9019E+000
1.08732407E-007, -1.9196E+000
1.08739815E-007, -1.9019E+000
1.08747222E-007, -1.8943E+000
1.08754630E-007, -1.8968E+000
1.08762037E-007, -1.9069E+000
1.08769444E-007, -1.9272E+000
1.08776852E-007, -1.8689E+000
1.08784259E-007, -1.8588E+000
1.08791667E-007, -1.8816E+000
1.08799074E-007, -1.8943E+000
1.08806481E-007, -1.8740E+000
1.08813889E-007, -1.8968E+000
1.08821296E-007, -1.8436E+000
1.08828704E-007, -1.8360E+000
1.08836111E-007, -1.8588E+000
1.08843519E-007, -1.8639E+000
1.08850926E-007, -1.8765E+000
1.08858333E-007, -1.8537E+000
1.08865741E-007, -1.8284E+000
1.08873148E-007, -1.8284E+000
1.08880556E-007, -1.8360E+000
1.08887963E-007, -1.8182E+000
1.08895370E-007, -1.7929E+000
1.08902778E-007, -1.8613E+000
1.08910185E-007, -1.8157E+000
1.08917593E-007, -1.8030E+000
1.08925000E-007, -1.8081E+000
1.08932407E-007, -1.7853E+000
1.08939815E-007, -1.7726E+000
1.08947222E-007, -1.7726E+000
1.08954630E-007, -1.7954E+000
1.08962037E-007, -1.7600E+000
1.08969444E-007, -1.7777E+000
1.08976852E-007, -1.7625E+000
1.08984259E-007, -1.7270E+000
1.08991667E-007, -1.7144E+000
1.08999074E-007, -1.7372E+000
1.09006481E-007, -1.7042E+000
1.09013889E-007, -1.7093E+000
1.09021296E-007, -1.7118E+000
1.09028704E-007, -1.6814E+000
1.09036111E-007, -1.6941E+000
1.09043519E-007, -1.6941E+000
1.09050926E-007, -1.6839E+000
1.09058333E-007, -1.6839E+000
1.09065741E-007, -1.6763E+000
1.09073148E-007, -1.6789E+000
1.09080556E-007, -1.6029E+000
1.09087963E-007, -1.6510E+000
1.09095370E-007, -1.6181E+000
1.09102778E-007, -1.6434E+000
1.09110185E-007, -1.6358E+000
1.09117593E-007, -1.6282E+000
1.09125000E-007, -1.6434E+000
1.09132407E-007, -1.5877E+000
1.09139815E-007, -1.6105E+000
1.09147222E-007, -1.5902E+000
1.09154630E-007, -1.6003E+000
1.09162037E-007, -1.5902E+000
1.09169444E-007, -1.5471E+000
1.09176852E-007, -1.5750E+000
1.09184259E-007, -1.5902E+000
1.09191667E-007, -1.5370E+000
1.09199074E-007, -1.5572E+000
1.09206481E-007, -1.5167E+000
1.09213889E-007, -1.5167E+000
1.09221296E-007, -1.5218E+000
1.09228704E-007, -1.5623E+000
1.09236111E-007, -1.5040E+000
1.09243519E-007, -1.5142E+000
1.09250926E-007, -1.5091E+000
1.09258333E-007, -1.5091E+000
1.09265741E-007, -1.5040E+000
1.09273148E-007, -1.4964E+000
1.09280556E-007, -1.4914E+000
1.09287963E-007, -1.5040E+000
1.09295370E-007, -1.4559E+000
1.09302778E-007, -1.4686E+000
1.09310185E-007, -1.5142E+000
1.09317593E-007, -1.5066E+000
1.09325000E-007, -1.4711E+000
1.09332407E-007, -1.4457E+000
1.09339815E-007, -1.4356E+000
1.09347222E-007, -1.4610E+000
1.09354630E-007, -1.4508E+000
1.09362037E-007, -1.4204E+000
1.09369444E-007, -1.4407E+000
1.09376852E-007, -1.4305E+000
1.09384259E-007, -1.4128E+000
1.09391667E-007, -1.3900E+000
1.09399074E-007, -1.4052E+000
1.09406481E-007, -1.4103E+000
1.09413889E-007, -1.4280E+000
1.09421296E-007, -1.4052E+000
1.09428704E-007, -1.4052E+000
1.09436111E-007, -1.4128E+000
1.09443519E-007, -1.3672E+000
1.09450926E-007, -1.4128E+000
1.09458333E-007, -1.3571E+000
1.09465741E-007, -1.3621E+000
1.09473148E-007, -1.3368E+000
1.09480556E-007, -1.3723E+000
1.09487963E-007, -1.3495E+000
1.09495370E-007, -1.3672E+000
1.09502778E-007, -1.3241E+000
1.09510185E-007, -1.3672E+000
1.09517593E-007, -1.3495E+000
1.09525000E-007, -1.2886E+000
1.09532407E-007, -1.3089E+000
1.09539815E-007, -1.3520E+000
1.09547222E-007, -1.2658E+000
1.09554630E-007, -1.3140E+000
1.09562037E-007, -1.2962E+000
1.09569444E-007, -1.2836E+000
1.09576852E-007, -1.2760E+000
1.09584259E-007, -1.2861E+000
1.09591667E-007, -1.2709E+000
1.09599074E-007, -1.2785E+000
1.09606481E-007, -1.2633E+000
1.09613889E-007, -1.3140E+000
1.09621296E-007, -1.2228E+000
1.09628704E-007, -1.2810E+000
1.09636111E-007, -1.2582E+000
1.09643519E-007, -1.2658E+000
1.09650926E-007, -1.2126E+000
1.09658333E-007, -1.2582E+000
1.09665741E-007, -1.2253E+000
1.09673148E-007, -1.2202E+000
1.09680556E-007, -1.1898E+000
1.09687963E-007, -1.1822E+000
1.09695370E-007, -1.1949E+000
1.09702778E-007, -1.2075E+000
1.09710185E-007, -1.2050E+000
1.09717593E-007, -1.2025E+000
1.09725000E-007, -1.1721E+000
1.09732407E-007, -1.2025E+000
1.09739815E-007, -1.1569E+000
1.09747222E-007, -1.1721E+000
1.09754630E-007, -1.1847E+000
1.09762037E-007, -1.1949E+000
1.09769444E-007, -1.1670E+000
1.09776852E-007, -1.1391E+000
1.09784259E-007, -1.1721E+000
1.09791667E-007, -1.1771E+000
1.09799074E-007, -1.1873E+000
1.09806481E-007, -1.1417E+000
1.09813889E-007, -1.1746E+000
1.09821296E-007, -1.1771E+000
1.09828704E-007, -1.1518E+000
1.09836111E-007, -1.1366E+000
1.09843519E-007, -1.1847E+000
1.09850926E-007, -1.1366E+000
1.09858333E-007, -1.1290E+000
1.09865741E-007, -1.1391E+000
1.09873148E-007, -1.1366E+000
1.09880556E-007, -1.1467E+000
1.09887963E-007, -1.1214E+000
1.09895370E-007, -1.1315E+000
1.09902778E-007, -1.1442E+000
1.09910185E-007, -1.1189E+000
1.09917593E-007, -1.1442E+000
1.09925000E-007, -1.1011E+000
1.09932407E-007, -1.1391E+000
1.09939815E-007, -1.1163E+000
1.09947222E-007, -1.0961E+000
1.09954630E-007, -1.1037E+000
1.09962037E-007, -1.0935E+000
1.09969444E-007, -1.1189E+000
1.09976852E-007, -1.0783E+000
1.09984259E-007, -1.1189E+000
1.09991667E-007, -1.0986E+000
1.09999074E-007, -1.1442E+000
1.10006481E-007, -1.1138E+000
1.10013889E-007, -1.0859E+000
1.10021296E-007, -1.1037E+000
1.10028704E-007, -1.1391E+000
1.10036111E-007, -1.1214E+000
1.10043519E-007, -1.1087E+000
1.10050926E-007, -1.1163E+000
1.10058333E-007, -1.0885E+000
1.10065741E-007, -1.1011E+000
1.10073148E-007, -1.0834E+000
1.10080556E-007, -1.1087E+000
1.10087963E-007, -1.0885E+000
1.10095370E-007, -1.0834E+000
1.10102778E-007, -1.1011E+000
1.10110185E-007, -1.0910E+000
1.10117593E-007, -1.0378E+000
1.10125000E-007, -1.0606E+000
1.10132407E-007, -1.0428E+000
1.10139815E-007, -1.0302E+000
1.10147222E-007, -1.0504E+000
1.10154630E-007, -1.0580E+000
1.10162037E-007, -1.0428E+000
1.10169444E-007, -1.0808E+000
1.10176852E-007, -1.0935E+000
1.10184259E-007, -1.0352E+000
1.10191667E-007, -1.0504E+000
1.10199074E-007, -1.0276E+000
1.10206481E-007, -1.0580E+000
1.10213889E-007, -1.0910E+000
1.10221296E-007, -1.0479E+000
1.10228704E-007, -1.0580E+000
1.10236111E-007, -1.0403E+000
1.10243519E-007, -1.0555E+000
1.10250926E-007, -1.0251E+000
1.10258333E-007, -1.0580E+000
1.10265741E-007, -1.0631E+000
1.10273148E-007, -1.0732E+000
1.10280556E-007, -1.0758E+000
1.10287963E-007, -1.0808E+000
1.10295370E-007, -1.0631E+000
1.10302778E-007, -1.0504E+000
1.10310185E-007, -1.0631E+000
1.10317593E-007, -1.0631E+000
1.10325000E-007, -1.0656E+000
1.10332407E-007, -1.0656E+000
1.10339815E-007, -1.0479E+000
1.10347222E-007, -1.0454E+000
1.10354630E-007, -1.0707E+000
1.10362037E-007, -1.0175E+000
1.10369444E-007, -1.0732E+000
1.10376852E-007, -1.0580E+000
1.10384259E-007, -1.0403E+000
1.10391667E-007, -1.0910E+000
1.10399074E-007, -1.0834E+000
1.10406481E-007, -1.0454E+000
1.10413889E-007, -1.0682E+000
1.10421296E-007, -1.1163E+000
1.10428704E-007, -1.0834E+000
1.10436111E-007, -1.0504E+000
1.10443519E-007, -1.0707E+000
1.10450926E-007, -1.0251E+000
1.10458333E-007, -1.0808E+000
1.10465741E-007, -1.0935E+000
1.10473148E-007, -1.0504E+000
1.10480556E-007, -1.0403E+000
1.10487963E-007, -1.0656E+000
1.10495370E-007, -1.0428E+000
1.10502778E-007, -1.0352E+000
1.10510185E-007, -1.0454E+000
1.10517593E-007, -1.1062E+000
1.10525000E-007, -1.0732E+000
1.10532407E-007, -1.0454E+000
1.10539815E-007, -1.0935E+000
1.10547222E-007, -1.0378E+000
1.10554630E-007, -1.0580E+000
1.10562037E-007, -1.0327E+000
1.10569444E-007, -1.0555E+000
1.10576852E-007, -1.0504E+000
1.10584259E-007, -1.0631E+000
1.10591667E-007, -1.1163E+000
1.10599074E-007, -1.0428E+000
1.10606481E-007, -1.0479E+000
1.10613889E-007, -1.0606E+000
1.10621296E-007, -1.0555E+000
1.10628704E-007, -1.0707E+000
1.10636111E-007, -1.0707E+000
1.10643519E-007, -1.1113E+000
1.10650926E-007, -1.0530E+000
1.10658333E-007, -1.0732E+000
1.10665741E-007, -1.0732E+000
1.10673148E-007, -1.0682E+000
1.10680556E-007, -1.0910E+000
1.10687963E-007, -1.0682E+000
1.10695370E-007, -1.0758E+000
1.10702778E-007, -1.0504E+000
1.10710185E-007, -1.0808E+000
1.10717593E-007, -1.0910E+000
1.10725000E-007, -1.0707E+000
1.10732407E-007, -1.1062E+000
1.10739815E-007, -1.1214E+000
1.10747222E-007, -1.0986E+000
1.10754630E-007, -1.0428E+000
1.10762037E-007, -1.1138E+000
1.10769444E-007, -1.0580E+000
1.10776852E-007, -1.0682E+000
1.10784259E-007, -1.0732E+000
1.10791667E-007, -1.0606E+000
1.10799074E-007, -1.0656E+000
1.10806481E-007, -1.0682E+000
1.10813889E-007, -1.0935E+000
1.10821296E-007, -1.0732E+000
1.10828704E-007, -1.1113E+000
1.10836111E-007, -1.0961E+000
1.10843519E-007, -1.1138E+000
1.10850926E-007, -1.0885E+000
1.10858333E-007, -1.0808E+000
1.10865741E-007, -1.0808E+000
1.10873148E-007, -1.0732E+000
1.10880556E-007, -1.0682E+000
1.10887963E-007, -1.0606E+000
1.10895370E-007, -1.0910E+000
1.10902778E-007, -1.0986E+000
1.10910185E-007, -1.0834E+000
1.10917593E-007, -1.1265E+000
1.10925000E-007, -1.0834E+000
1.10932407E-007, -1.0859E+000
1.10939815E-007, -1.1239E+000
1.10947222E-007, -1.0859E+000
1.10954630E-007, -1.0859E+000
1.10962037E-007, -1.0707E+000
1.10969444E-007, -1.1138E+000
1.10976852E-007, -1.1062E+000
1.10984259E-007, -1.0961E+000
1.10991667E-007, -1.1087E+000
1.10999074E-007, -1.0859E+000
1.11006481E-007, -1.0783E+000
1.11013889E-007, -1.0808E+000
1.11021296E-007, -1.1138E+000
1.11028704E-007, -1.1087E+000
1.11036111E-007, -1.0606E+000
1.11043519E-007, -1.1214E+000
1.11050926E-007, -1.1087E+000
1.11058333E-007, -1.0606E+000
1.11065741E-007, -1.1037E+000
1.11073148E-007, -1.1366E+000
1.11080556E-007, -1.1113E+000
1.11087963E-007, -1.0631E+000
1.11095370E-007, -1.0758E+000
1.11102778E-007, -1.0961E+000
1.11110185E-007, -1.1214E+000
1.11117593E-007, -1.0504E+000
1.11125000E-007, -1.0454E+000
1.11132407E-007, -1.0910E+000
1.11139815E-007, -1.0859E+000
1.11147222E-007, -1.0910E+000
1.11154630E-007, -1.0986E+000
1.11162037E-007, -1.1037E+000
1.11169444E-007, -1.0631E+000
1.11176852E-007, -1.0783E+000
1.11184259E-007, -1.0935E+000
1.11191667E-007, -1.0885E+000
1.11199074E-007, -1.1087E+000
1.11206481E-007, -1.0859E+000
1.11213889E-007, -1.0935E+000
1.11221296E-007, -1.0682E+000
1.11228704E-007, -1.0986E+000
1.11236111E-007, -1.0910E+000
1.11243519E-007, -1.0961E+000
1.11250926E-007, -1.1037E+000
1.11258333E-007, -1.0986E+000
1.11265741E-007, -1.1189E+000
1.11273148E-007, -1.0986E+000
1.11280556E-007, -1.0859E+000
1.11287963E-007, -1.0732E+000
1.11295370E-007, -1.0656E+000
1.11302778E-007, -1.0783E+000
1.11310185E-007, -1.0580E+000
1.11317593E-007, -1.0707E+000
1.11325000E-007, -1.0580E+000
1.11332407E-007, -1.0808E+000
1.11339815E-007, -1.0656E+000
1.11347222E-007, -1.0682E+000
1.11354630E-007, -1.0555E+000
1.11362037E-007, -1.0479E+000
1.11369444E-007, -1.0885E+000
1.11376852E-007, -1.0682E+000
1.11384259E-007, -1.0530E+000
1.11391667E-007, -1.0758E+000
1.11399074E-007, -1.0758E+000
1.11406481E-007, -1.0631E+000
1.11413889E-007, -1.0732E+000
1.11421296E-007, -1.0606E+000
1.11428704E-007, -1.0910E+000
1.11436111E-007, -1.0758E+000
1.11443519E-007, -1.0808E+000
1.11450926E-007, -1.0504E+000
1.11458333E-007, -1.0479E+000
1.11465741E-007, -1.0961E+000
1.11473148E-007, -1.0530E+000
1.11480556E-007, -1.0656E+000
1.11487963E-007, -1.0732E+000
1.11495370E-007, -1.0580E+000
1.11502778E-007, -1.0682E+000
1.11510185E-007, -1.1087E+000
1.11517593E-007, -1.0707E+000
1.11525000E-007, -1.0682E+000
1.11532407E-007, -1.0986E+000
1.11539815E-007, -1.0428E+000
1.11547222E-007, -1.0758E+000
1.11554630E-007, -1.0504E+000
1.11562037E-007, -1.0530E+000
1.11569444E-007, -1.0327E+000
1.11576852E-007, -1.0656E+000
1.11584259E-007, -1.0656E+000
1.11591667E-007, -1.0682E+000
1.11599074E-007, -1.0910E+000
1.11606481E-007, -9.871E-001
1.11613889E-007, -1.0732E+000
1.11621296E-007, -1.0302E+000
1.11628704E-007, -1.0631E+000
1.11636111E-007, -1.0530E+000
1.11643519E-007, -1.0378E+000
1.11650926E-007, -1.0226E+000
1.11658333E-007, -1.0707E+000
1.11665741E-007, -1.0935E+000
1.11673148E-007, -1.0479E+000
1.11680556E-007, -1.0276E+000
1.11687963E-007, -1.0276E+000
1.11695370E-007, -1.0327E+000
1.11702778E-007, -1.0302E+000
1.11710185E-007, -1.0226E+000
1.11717593E-007, -1.0150E+000
1.11725000E-007, -1.0327E+000
1.11732407E-007, -1.0327E+000
1.11739815E-007, -1.0327E+000
1.11747222E-007, -9.896E-001
1.11754630E-007, -1.0048E+000
1.11762037E-007, -9.820E-001
1.11769444E-007, -9.618E-001
1.11776852E-007, -1.0048E+000
1.11784259E-007, -9.770E-001
1.11791667E-007, -9.592E-001
1.11799074E-007, -9.668E-001
1.11806481E-007, -9.491E-001
1.11813889E-007, -9.288E-001
1.11821296E-007, -9.035E-001
1.11828704E-007, -8.680E-001
1.11836111E-007, -8.655E-001
1.11843519E-007, -7.945E-001
1.11850926E-007, -7.540E-001
1.11858333E-007, -7.160E-001
1.11865741E-007, -6.298E-001
1.11873148E-007, -5.614E-001
1.11880556E-007, -4.752E-001
1.11887963E-007, -3.384E-001
1.11895370E-007, -1.509E-001
1.11902778E-007, 1.000E-001
1.11910185E-007, 4.269E-001
1.11917593E-007, 6.625E-001
1.11925000E-007, 1.2327E+000
1.11932407E-007, 1.7927E+000
1.11939815E-007, 2.2868E+000
1.11947222E-007, 3.2954E+000
1.11954630E-007, 3.9441E+000
1.11962037E-007, 4.6815E+000
1.11969444E-007, 5.5304E+000
1.11976852E-007, 6.2120E+000
1.11984259E-007, 6.6631E+000
1.11991667E-007, 7.2915E+000
1.11999074E-007, 7.6311E+000
1.12006481E-007, 7.9124E+000
1.12013889E-007, 7.9098E+000
1.12021296E-007, 7.8465E+000
1.12028704E-007, 7.5779E+000
1.12036111E-007, 7.3574E+000
1.12043519E-007, 6.8759E+000
1.12050926E-007, 6.4224E+000
1.12058333E-007, 5.9662E+000
1.12065741E-007, 5.3859E+000
1.12073148E-007, 4.9070E+000
1.12080556E-007, 4.4661E+000
1.12087963E-007, 4.0531E+000
1.12095370E-007, 3.6223E+000
1.12102778E-007, 3.3537E+000
1.12110185E-007, 3.0166E+000
1.12117593E-007, 2.6923E+000
1.12125000E-007, 2.4718E+000
1.12132407E-007, 2.2463E+000
1.12139815E-007, 2.0182E+000
1.12147222E-007, 1.8561E+000
1.12154630E-007, 1.7268E+000
1.12162037E-007, 1.5875E+000
1.12169444E-007, 1.4101E+000
1.12176852E-007, 1.3087E+000
1.12184259E-007, 1.1643E+000
1.12191667E-007, 1.0427E+000
1.12199074E-007, 8.855E-001
1.12206481E-007, 8.450E-001
1.12213889E-007, 6.702E-001
1.12221296E-007, 5.612E-001
1.12228704E-007, 5.029E-001
1.12236111E-007, 3.331E-001
1.12243519E-007, 2.520E-001
1.12250926E-007, 1.710E-001
1.12258333E-007, 1.051E-001
1.12265741E-007, -1.4E-003
1.12273148E-007, -7.99E-002
1.12280556E-007, -1.863E-001
1.12287963E-007, -2.497E-001
1.12295370E-007, -2.801E-001
1.12302778E-007, -3.358E-001
1.12310185E-007, -3.916E-001
1.12317593E-007, -4.524E-001
1.12325000E-007, -4.397E-001
1.12332407E-007, -4.879E-001
1.12339815E-007, -5.158E-001
1.12347222E-007, -5.462E-001
1.12354630E-007, -5.943E-001
1.12362037E-007, -5.740E-001
1.12369444E-007, -6.450E-001
1.12376852E-007, -6.349E-001
1.12384259E-007, -7.083E-001
1.12391667E-007, -6.602E-001
1.12399074E-007, -6.982E-001
1.12406481E-007, -7.236E-001
1.12413889E-007, -7.540E-001
1.12421296E-007, -7.210E-001
1.12428704E-007, -7.540E-001
1.12436111E-007, -7.007E-001
1.12443519E-007, -7.160E-001
1.12450926E-007, -7.261E-001
1.12458333E-007, -7.261E-001
1.12465741E-007, -6.881E-001
1.12473148E-007, -6.982E-001
1.12480556E-007, -6.399E-001
1.12487963E-007, -6.425E-001
1.12495370E-007, -6.653E-001
1.12502778E-007, -6.779E-001
1.12510185E-007, -7.185E-001
1.12517593E-007, -7.083E-001
1.12525000E-007, -7.590E-001
1.12532407E-007, -7.996E-001
1.12539815E-007, -8.680E-001
1.12547222E-007, -9.187E-001
1.12554630E-007, -9.288E-001
1.12562037E-007, -9.618E-001
1.12569444E-007, -9.643E-001
1.12576852E-007, -9.972E-001
1.12584259E-007, -1.0200E+000
1.12591667E-007, -1.0682E+000
1.12599074E-007, -1.0910E+000
1.12606481E-007, -1.1214E+000
1.12613889E-007, -1.1189E+000
1.12621296E-007, -1.1315E+000
1.12628704E-007, -1.1645E+000
1.12636111E-007, -1.1569E+000
1.12643519E-007, -1.1670E+000
1.12650926E-007, -1.1619E+000
1.12658333E-007, -1.1645E+000
1.12665741E-007, -1.1771E+000
1.12673148E-007, -1.2177E+000
1.12680556E-007, -1.2304E+000
1.12687963E-007, -1.2202E+000
1.12695370E-007, -1.2430E+000
1.12702778E-007, -1.2684E+000
1.12710185E-007, -1.2278E+000
1.12717593E-007, -1.2608E+000
1.12725000E-007, -1.3064E+000
1.12732407E-007, -1.2481E+000
1.12739815E-007, -1.2912E+000
1.12747222E-007, -1.3064E+000
1.12754630E-007, -1.2912E+000
1.12762037E-007, -1.3038E+000
1.12769444E-007, -1.2557E+000
1.12776852E-007, -1.2709E+000
1.12784259E-007, -1.2405E+000
1.12791667E-007, -1.1721E+000
1.12799074E-007, -1.2304E+000
1.12806481E-007, -1.2177E+000
1.12813889E-007, -1.2329E+000
1.12821296E-007, -1.2177E+000
1.12828704E-007, -1.1619E+000
1.12836111E-007, -1.1822E+000
1.12843519E-007, -1.1746E+000
1.12850926E-007, -1.2304E+000
1.12858333E-007, -1.1670E+000
1.12865741E-007, -1.1442E+000
1.12873148E-007, -1.1999E+000
1.12880556E-007, -1.2608E+000
1.12887963E-007, -1.2633E+000
1.12895370E-007, -1.2760E+000
1.12902778E-007, -1.2177E+000
1.12910185E-007, -1.2405E+000
1.12917593E-007, -1.2988E+000
1.12925000E-007, -1.3013E+000
1.12932407E-007, -1.3013E+000
1.12939815E-007, -1.2962E+000
1.12947222E-007, -1.3266E+000
1.12954630E-007, -1.3292E+000
1.12962037E-007, -1.2886E+000
1.12969444E-007, -1.2988E+000
1.12976852E-007, -1.3292E+000
1.12984259E-007, -1.3292E+000
1.12991667E-007, -1.3089E+000
1.12999074E-007, -1.3419E+000
1.13006481E-007, -1.3571E+000
1.13013889E-007, -1.3520E+000
1.13021296E-007, -1.3495E+000
1.13028704E-007, -1.3419E+000
1.13036111E-007, -1.3773E+000
1.13043519E-007, -1.3140E+000
1.13050926E-007, -1.3748E+000
1.13058333E-007, -1.3799E+000
1.13065741E-007, -1.3672E+000
1.13073148E-007, -1.3596E+000
1.13080556E-007, -1.3596E+000
1.13087963E-007, -1.4001E+000
1.13095370E-007, -1.3393E+000
1.13102778E-007, -1.3545E+000
1.13110185E-007, -1.4052E+000
1.13117593E-007, -1.3799E+000
1.13125000E-007, -1.3875E+000
1.13132407E-007, -1.3773E+000
1.13139815E-007, -1.4508E+000
1.13147222E-007, -1.3723E+000
1.13154630E-007, -1.3875E+000
1.13162037E-007, -1.3925E+000
1.13169444E-007, -1.4103E+000
1.13176852E-007, -1.3748E+000
1.13184259E-007, -1.4052E+000
1.13191667E-007, -1.4153E+000
1.13199074E-007, -1.3773E+000
1.13206481E-007, -1.3596E+000
1.13213889E-007, -1.4077E+000
1.13221296E-007, -1.3697E+000
1.13228704E-007, -1.3951E+000
1.13236111E-007, -1.3571E+000
1.13243519E-007, -1.4153E+000
1.13250926E-007, -1.3875E+000
1.13258333E-007, -1.3723E+000
1.13265741E-007, -1.4103E+000
1.13273148E-007, -1.3697E+000
1.13280556E-007, -1.3875E+000
1.13287963E-007, -1.3723E+000
1.13295370E-007, -1.4229E+000
1.13302778E-007, -1.3951E+000
1.13310185E-007, -1.3951E+000
1.13317593E-007, -1.4103E+000
1.13325000E-007, -1.4052E+000
1.13332407E-007, -1.4432E+000
1.13339815E-007, -1.4179E+000
1.13347222E-007, -1.4204E+000
1.13354630E-007, -1.4381E+000
1.13362037E-007, -1.4331E+000
1.13369444E-007, -1.4027E+000
1.13376852E-007, -1.4305E+000
1.13384259E-007, -1.4635E+000
1.13391667E-007, -1.4204E+000
1.13399074E-007, -1.4483E+000
1.13406481E-007, -1.4153E+000
1.13413889E-007, -1.4736E+000
1.13421296E-007, -1.4356E+000
1.13428704E-007, -1.4432E+000
1.13436111E-007, -1.4483E+000
1.13443519E-007, -1.4610E+000
1.13450926E-007, -1.4838E+000
1.13458333E-007, -1.4432E+000
1.13465741E-007, -1.4888E+000
1.13473148E-007, -1.4508E+000
1.13480556E-007, -1.3976E+000
1.13487963E-007, -1.4483E+000
1.13495370E-007, -1.4584E+000
1.13502778E-007, -1.4204E+000
1.13510185E-007, -1.4584E+000
1.13517593E-007, -1.4559E+000
1.13525000E-007, -1.4356E+000
1.13532407E-007, -1.4280E+000
1.13539815E-007, -1.4508E+000
1.13547222E-007, -1.4483E+000
1.13554630E-007, -1.4584E+000
1.13562037E-007, -1.4635E+000
1.13569444E-007, -1.4533E+000
1.13576852E-007, -1.4736E+000
1.13584259E-007, -1.4660E+000
1.13591667E-007, -1.4204E+000
1.13599074E-007, -1.4204E+000
1.13606481E-007, -1.4331E+000
1.13613889E-007, -1.4787E+000
1.13621296E-007, -1.4331E+000
1.13628704E-007, -1.4305E+000
1.13636111E-007, -1.4584E+000
1.13643519E-007, -1.4508E+000
1.13650926E-007, -1.4331E+000
1.13658333E-007, -1.4432E+000
1.13665741E-007, -1.4457E+000
1.13673148E-007, -1.4229E+000
1.13680556E-007, -1.4559E+000
1.13687963E-007, -1.4331E+000
1.13695370E-007, -1.4229E+000
1.13702778E-007, -1.4204E+000
1.13710185E-007, -1.4103E+000
1.13717593E-007, -1.4584E+000
1.13725000E-007, -1.4432E+000
1.13732407E-007, -1.4686E+000
1.13739815E-007, -1.4255E+000
1.13747222E-007, -1.4432E+000
1.13754630E-007, -1.4635E+000
1.13762037E-007, -1.4179E+000
1.13769444E-007, -1.4077E+000
1.13776852E-007, -1.4762E+000
1.13784259E-007, -1.4635E+000
1.13791667E-007, -1.4305E+000
1.13799074E-007, -1.4559E+000
1.13806481E-007, -1.4584E+000
1.13813889E-007, -1.4407E+000
1.13821296E-007, -1.4508E+000
1.13828704E-007, -1.4914E+000
1.13836111E-007, -1.4432E+000
1.13843519E-007, -1.4356E+000
1.13850926E-007, -1.4660E+000
1.13858333E-007, -1.4407E+000
1.13865741E-007, -1.4381E+000
1.13873148E-007, -1.4229E+000
1.13880556E-007, -1.4432E+000
1.13887963E-007, -1.4787E+000
1.13895370E-007, -1.4381E+000
1.13902778E-007, -1.4331E+000
1.13910185E-007, -1.4229E+000
1.13917593E-007, -1.4179E+000
1.13925000E-007, -1.3925E+000
1.13932407E-007, -1.3849E+000
1.13939815E-007, -1.4255E+000
1.13947222E-007, -1.3925E+000
1.13954630E-007, -1.3900E+000
1.13962037E-007, -1.4001E+000
1.13969444E-007, -1.4077E+000
1.13976852E-007, -1.3799E+000
1.13984259E-007, -1.4153E+000
1.13991667E-007, -1.4001E+000
1.13999074E-007, -1.4001E+000
1.14006481E-007, -1.4077E+000
1.14013889E-007, -1.4077E+000
1.14021296E-007, -1.4027E+000
1.14028704E-007, -1.3849E+000
1.14036111E-007, -1.3545E+000
1.14043519E-007, -1.4128E+000
1.14050926E-007, -1.4381E+000
1.14058333E-007, -1.4229E+000
1.14065741E-007, -1.4179E+000
1.14073148E-007, -1.4077E+000
1.14080556E-007, -1.4381E+000
1.14087963E-007, -1.4179E+000
1.14095370E-007, -1.4356E+000
1.14102778E-007, -1.4128E+000
1.14110185E-007, -1.4229E+000
1.14117593E-007, -1.4027E+000
